0	0
0.02	0.0000001
0.04	-0.0003591
0.06	0.0011198
0.08	0.0010134
0.1	-0.0005372
0.12	-0.0013914
0.14	-0.0003608
0.16	0.0011397
0.18	0.0010362
0.2	-0.0005361
0.22	-0.0014058
0.24	-0.0003623
0.26	0.0011605
0.28	0.0010583
0.3	-0.0005364
0.32	-0.001421
0.34	-0.0003647
0.36	0.0011814
0.38	0.00108
0.4	-0.0005374
0.42	-0.0014375
0.44	-0.0003675
0.46	0.0012019
0.48	0.0011018
0.5	-0.0005392
0.52	-0.0014549
0.54	-0.0003713
0.56	0.0012226
0.58	0.0011234
0.6	-0.0005416
0.62	-0.0014737
0.64	-0.0003757
0.66	0.001243
0.68	0.0011451
0.7	-0.0005449
0.72	-0.0014935
0.74	-0.000381
0.76	0.0012638
0.78	0.0011668
0.8	-0.0005486
0.82	-0.0015145
0.84	-0.0003867
0.86	0.0012844
0.88	0.0011889
0.9	-0.0005532
0.92	-0.0015366
0.94	-0.0003934
0.96	0.0013055
0.98	0.0012108
1	-0.0005582
1.02	-0.00156
1.04	-0.0004006
1.06	0.0013266
1.08	0.0012334
1.1	-0.000564
1.12	-0.0015845
1.14	-0.0004085
1.16	0.0013481
1.18	0.0012561
1.2	-0.0005701
1.22	-0.0016103
1.24	-0.0004169
1.26	0.0013699
1.28	0.0012794
1.3	-0.000577
1.32	-0.0016371
1.34	-0.0004261
1.36	0.0013922
1.38	0.0013031
1.4	-0.0005842
1.42	-0.0016654
1.44	-0.0004358
1.46	0.001415
1.48	0.0013274
1.5	-0.0005922
1.52	-0.0016948
1.54	-0.0004462
1.56	0.0014384
1.58	0.0013523
1.6	-0.0006006
1.62	-0.0017258
1.64	-0.0004571
1.66	0.0014624
1.68	0.0013781
1.7	-0.0006096
1.72	-0.001758
1.74	-0.0004687
1.76	0.0014873
1.78	0.0014046
1.8	-0.0006193
1.82	-0.0017923
1.84	-0.0004817
1.86	0.0015301
1.88	0.0014503
1.9	-0.0006105
1.92	-0.0018066
1.94	-0.0004516
1.96	0.0016026
1.98	0.001541
2	-0.0005406
2.02	-0.0017475
2.04	-0.0003401
2.06	0.0017851
2.08	0.0017588
2.1	-0.0003327
2.12	-0.0015224
2.14	-0.0000631
2.16	0.0020743
2.18	0.0020374
2.2	-0.0001012
2.22	-0.0013116
2.24	0.0001918
2.26	0.002416
2.28	0.0024523
2.3	0.0003694
2.32	-0.0007816
2.34	0.0008134
2.36	0.0032174
2.38	0.0034056
2.4	0.001373
2.42	0.0002978
2.44	0.0020174
2.46	0.0045672
2.48	0.0048311
2.5	0.0027675
2.52	0.0016495
2.54	0.0033872
2.56	0.005966
2.58	0.0061956
2.6	0.0040844
2.62	0.0029093
2.64	0.0046456
2.66	0.0071828
2.68	0.0073164
2.7	0.0050402
2.72	0.0036901
2.74	0.0052988
2.76	0.0076794
2.78	0.0076575
2.8	0.0050619
2.82	0.0034495
2.84	0.0048916
2.86	0.007252
2.88	0.0069594
2.9	0.0040774
2.92	0.0022199
2.94	0.0034063
2.96	0.0054848
2.98	0.0048164
3	0.001516
3.02	-0.0006466
3.04	0.0003421
3.06	0.0023318
3.08	0.0015021
3.1	-0.0019873
3.12	-0.0045297
3.14	-0.0037185
3.16	-0.0018733
3.18	-0.0028627
3.2	-0.0065799
3.22	-0.0091811
3.24	-0.0082898
3.26	-0.0063158
3.28	-0.0070339
3.3	-0.0106013
3.32	-0.0129325
3.34	-0.011595
3.36	-0.0089878
3.38	-0.0093841
3.4	-0.0124881
3.42	-0.014331
3.44	-0.0124369
3.46	-0.0093261
3.48	-0.008956
3.5	-0.0113993
3.52	-0.0124285
3.54	-0.0096937
3.56	-0.0056721
3.58	-0.0046126
3.6	-0.0064274
3.62	-0.0069266
3.64	-0.0034453
3.66	0.0012503
3.68	0.0027757
3.7	0.0010688
3.72	0.0006872
3.74	0.0041088
3.76	0.0087022
3.78	0.0096437
3.8	0.0072011
3.82	0.006046
3.84	0.0089326
3.86	0.0131243
3.88	0.013891
3.9	0.0109876
3.92	0.0086219
3.94	0.0095285
3.96	0.0115565
3.98	0.0094483
4	0.0036776
4.02	0.0008893
4.04	0.0039863
4.06	0.0090708
4.08	0.0103112
4.1	0.0046439
4.12	-0.0025351
4.14	-0.0063155
4.16	-0.0079617
4.18	-0.0118804
4.2	-0.0154039
4.22	-0.0097194
4.24	0.0038705
4.26	0.0158383
4.28	0.0161296
4.3	0.0051667
4.32	-0.0086318
4.34	-0.0158192
4.36	-0.0122242
4.38	-0.0044485
4.4	0.0018816
4.42	0.0071781
4.44	0.0122107
4.46	0.0170945
4.48	0.0172861
4.5	0.0039459
4.52	-0.0123284
4.54	-0.0135107
4.56	-0.007278
4.58	-0.0084102
4.6	-0.008893
4.62	-0.0136901
4.64	-0.0131108
4.66	0.0000415
4.68	0.0313312
4.7	0.0617848
4.72	0.052509
4.74	0.0207478
4.76	-0.0122713
4.78	-0.042767
4.8	-0.0504827
4.82	-0.0283173
4.84	-0.0015639
4.86	0.0002833
4.88	-0.0174568
4.9	-0.0382788
4.92	-0.0397148
4.94	-0.0042529
4.96	0.0170328
4.98	0.0092536
5	-0.008849
5.02	-0.0363628
5.04	-0.0475943
5.06	-0.0368799
5.08	-0.0076155
5.1	0.0186112
5.12	0.0260671
5.14	0.0192885
5.16	-0.0094191
5.18	-0.0512067
5.2	-0.0749745
5.22	-0.0526376
5.24	-0.0085012
5.26	0.0384922
5.28	0.0632541
5.3	0.0463566
5.32	0.0228688
5.34	0.0136444
5.36	0.0092039
5.38	-0.0051228
5.4	-0.0280519
5.42	-0.0435957
5.44	-0.0394483
5.46	0.0029989
5.48	0.0440228
5.5	0.0429382
5.52	0.0189341
5.54	-0.0082375
5.56	-0.0183068
5.58	-0.0299731
5.6	-0.0579761
5.62	-0.0708855
5.64	-0.0663676
5.66	-0.0149852
5.68	0.0801581
5.7	0.1208689
5.72	0.1084177
5.74	0.0414545
5.76	-0.0537256
5.78	-0.0931196
5.8	-0.0828531
5.82	-0.018771
5.84	0.0526868
5.86	0.077844
5.88	0.0778518
5.9	0.0250885
5.92	0.0013306
5.94	0.0064511
5.96	-0.0139821
5.98	-0.016826
6	-0.0283523
6.02	-0.0428639
6.04	-0.0294909
6.06	-0.0364362
6.08	-0.0524003
6.1	-0.0653679
6.12	-0.0485245
6.14	-0.0043253
6.16	0.0323677
6.18	0.0343922
6.2	-0.0188765
6.22	-0.0763527
6.24	-0.0735418
6.26	-0.0088388
6.28	0.0731176
6.3	0.0953539
6.32	0.0361471
6.34	-0.0493426
6.36	-0.0915184
6.38	-0.0897441
6.4	-0.048589
6.42	0.0293734
6.44	0.0938818
6.46	0.1147167
6.48	0.0901136
6.5	0.0513047
6.52	0.0373182
6.54	0.0313885
6.56	0.0342575
6.58	0.0490939
6.6	0.0454906
6.62	0.0232236
6.64	-0.010788
6.66	-0.0438048
6.68	-0.039593
6.7	-0.0133732
6.72	0.0267676
6.74	0.0861898
6.76	0.1344727
6.78	0.1555289
6.8	0.1081685
6.82	0.0234709
6.84	-0.0059498
6.86	0.0007931
6.88	0.0208239
6.9	0.0337238
6.92	-0.0050949
6.94	-0.0362004
6.96	-0.0229319
6.98	-0.0033506
7	0.0021489
7.02	-0.0145979
7.04	-0.0207895
7.06	0.0244608
7.08	0.0551951
7.1	0.0166175
7.12	-0.0501021
7.14	-0.0642551
7.16	0.0056865
7.18	0.094851
7.2	0.1160678
7.22	0.045968
7.24	-0.050381
7.26	-0.0733373
7.28	-0.045541
7.3	-0.0841601
7.32	-0.1873214
7.34	-0.2156037
7.36	-0.1142729
7.38	0.0001318
7.4	-0.0209538
7.42	-0.1507792
7.44	-0.2090441
7.46	-0.0629753
7.48	0.1555857
7.5	0.2044259
7.52	0.0447441
7.54	-0.104014
7.56	-0.090859
7.58	0.0572067
7.6	0.171717
7.62	0.1324822
7.64	-0.0323035
7.66	-0.1594403
7.68	-0.1276922
7.7	-0.0009583
7.72	0.1035834
7.74	0.1887571
7.76	0.250699
7.78	0.2176985
7.8	0.1077238
7.82	0.0158005
7.84	0.0467571
7.86	0.1614338
7.88	0.2186585
7.9	0.1699143
7.92	0.0640319
7.94	-0.0274285
7.96	-0.062632
7.98	-0.0787818
8	-0.131691
8.02	-0.1790376
8.04	-0.2048085
8.06	-0.2324134
8.08	-0.1937424
8.1	-0.096929
8.12	-0.0637449
8.14	-0.0553853
8.16	-0.0458274
8.18	-0.0788734
8.2	-0.1985994
8.22	-0.2841539
8.24	-0.250729
8.26	-0.152403
8.28	-0.0124163
8.3	0.1699161
8.32	0.316453
8.34	0.2984672
8.36	0.1618398
8.38	0.0563449
8.4	0.0382762
8.42	0.0562143
8.44	-0.0402962
8.46	-0.1769803
8.48	-0.2034155
8.5	-0.2196615
8.52	-0.2192362
8.54	-0.1022508
8.56	0.0022937
8.58	-0.01058
8.6	-0.0916655
8.62	-0.1569656
8.64	-0.1564001
8.66	-0.1004928
8.68	-0.0307578
8.7	0.0574864
8.72	0.1284905
8.74	0.1310843
8.76	0.105459
8.78	0.0753277
8.8	0.0436122
8.82	0.0068557
8.84	-0.0315672
8.86	-0.0574762
8.88	-0.0480943
8.9	-0.0010457
8.92	0.0536016
8.94	0.0894776
8.96	0.0856283
8.98	0.0692171
9	0.0827599
9.02	0.1344405
9.04	0.1784983
9.06	0.1682849
9.08	0.1203384
9.1	0.0596034
9.12	0.0044308
9.14	-0.0259131
9.16	-0.0323919
9.18	-0.0191019
9.2	0.0179969
9.22	0.074813
9.24	0.1256081
9.26	0.1297242
9.28	0.0815846
9.3	0.0296043
9.32	0.0209797
9.34	0.0531017
9.36	0.0747536
9.38	0.060625
9.4	0.0207213
9.42	-0.0108662
9.44	0.00034
9.46	0.0270476
9.48	0.0438313
9.5	0.0527708
9.52	0.0453837
9.54	0.0327776
9.56	0.0310422
9.58	0.0240254
9.6	0.0165142
9.62	0.040315
9.64	0.094496
9.66	0.1341259
9.68	0.1045053
9.7	0.0304936
9.72	-0.0230599
9.74	-0.043445
9.76	-0.0509765
9.78	-0.0627257
9.8	-0.0873618
9.82	-0.100211
9.84	-0.0567433
9.86	0.0321489
9.88	0.1206305
9.9	0.1331429
9.92	0.0591359
9.94	-0.0387453
9.96	-0.0999232
9.98	-0.1129536
10	-0.1071424
10.02	-0.0896382
10.04	-0.0547479
10.06	-0.0322557
10.08	-0.0656485
10.1	-0.1509475
10.12	-0.224913
10.14	-0.2385349
10.16	-0.1786944
10.18	-0.0715164
10.2	0.0207939
10.22	0.0499673
10.24	0.0328202
10.26	0.0142777
10.28	-0.0146351
10.3	-0.0316033
10.32	0.0056915
10.34	0.0800204
10.36	0.1687096
10.38	0.1939436
10.4	0.0791623
10.42	-0.1036246
10.44	-0.2383899
10.46	-0.2680847
10.48	-0.1752043
10.5	-0.0298531
10.52	0.0411897
10.54	0.0186286
10.56	0.0207263
10.58	0.0564841
10.6	0.0992302
10.62	0.1330209
10.64	0.1233734
10.66	0.1007086
10.68	0.090701
10.7	0.0617206
10.72	0.0148106
10.74	-0.0073213
10.76	-0.0113172
10.78	0.0160498
10.8	0.0743841
10.82	0.0977205
10.84	0.068033
10.86	0.0453779
10.88	0.029927
10.9	0.0141861
10.92	-0.0327814
10.94	-0.1267092
10.96	-0.2108531
10.98	-0.239454
11	-0.1881677
11.02	-0.0727326
11.04	0.0285729
11.06	0.0883718
11.08	0.1128237
11.1	0.1198901
11.12	0.1269699
11.14	0.1052613
11.16	0.0243201
11.18	-0.0819416
11.2	-0.1829571
11.22	-0.2123855
11.24	-0.1255407
11.26	0.0042586
11.28	0.1035926
11.3	0.107369
11.32	0.0307742
11.34	-0.0353101
11.36	-0.042483
11.38	-0.0146171
11.4	-0.0089374
11.42	-0.0237591
11.44	-0.0254773
11.46	0.0067551
11.48	0.0644104
11.5	0.0734657
11.52	-0.0050526
11.54	-0.0957028
11.56	-0.1254909
11.58	-0.084047
11.6	-0.0129539
11.62	0.0390325
11.64	0.0470271
11.66	0.0569248
11.68	0.1159895
11.7	0.161575
11.72	0.1324848
11.74	0.0634351
11.76	0.0028516
11.78	0.0009172
11.8	0.0268528
11.82	0.0145665
11.84	-0.0404422
11.86	-0.0946091
11.88	-0.0864198
11.9	-0.0117696
11.92	0.0548915
11.94	0.0542684
11.96	0.0105689
11.98	-0.0146542
12	0.0133173
12.02	0.0512257
12.04	0.0148482
12.06	-0.0679798
12.08	-0.1243794
12.1	-0.1216248
12.12	-0.061985
12.14	-0.0100242
12.16	-0.0160464
12.18	-0.0378684
12.2	-0.0704137
12.22	-0.1000237
12.24	-0.1117116
12.26	-0.1201328
12.28	-0.106662
12.3	-0.0531504
12.32	0.0142591
12.34	0.07437
12.36	0.0718217
12.38	0.0312187
12.4	0.0070829
12.42	-0.0085634
12.44	-0.0234595
12.46	-0.0437447
12.48	-0.0676307
12.5	-0.0511717
12.52	0.0086058
12.54	0.0828856
12.56	0.1316706
12.58	0.1199426
12.6	0.0490115
12.62	-0.0532597
12.64	-0.1288021
12.66	-0.1379094
12.68	-0.0835561
12.7	-0.0036201
12.72	0.0647517
12.74	0.0773159
12.76	0.0517494
12.78	0.0423083
12.8	0.08026
12.82	0.1489685
12.84	0.1795298
12.86	0.150028
12.88	0.0821608
12.9	0.0222121
12.92	0.00576
12.94	0.0438329
12.96	0.0860344
12.98	0.1010038
13	0.0788683
13.02	0.0161461
13.04	-0.0503971
13.06	-0.0986777
13.08	-0.1181295
13.1	-0.0870424
13.12	-0.0258508
13.14	0.0391086
13.16	0.1101039
13.18	0.1431384
13.2	0.1207343
13.22	0.0619343
13.24	-0.0212883
13.26	-0.1012396
13.28	-0.1322879
13.3	-0.0935936
13.32	-0.0277352
13.34	0.0210692
13.36	0.0327788
13.38	0.0248936
13.4	0.0210297
13.42	0.0330315
13.44	0.0414348
13.46	0.0101616
13.48	-0.0503852
13.5	-0.1002755
13.52	-0.1241917
13.54	-0.1163754
13.56	-0.0847793
13.58	-0.0426921
13.6	0.0033572
13.62	0.0383701
13.64	0.0597997
13.66	0.0365326
13.68	-0.0223359
13.7	-0.0734261
13.72	-0.1034072
13.74	-0.1044895
13.76	-0.0704953
13.78	-0.0342934
13.8	-0.0074745
13.82	0.0248051
13.84	0.0574759
13.86	0.0714319
13.88	0.0577727
13.9	0.0358552
13.92	0.0186776
13.94	0.013644
13.96	0.0270526
13.98	0.0463174
14	0.0626245
14.02	0.086353
14.04	0.1146115
14.06	0.1088229
14.08	0.0681296
14.1	0.026049
14.12	-0.0007835
14.14	-0.0019446
14.16	0.0252548
14.18	0.0487262
14.2	0.0430236
14.22	0.0126712
14.24	-0.0218078
14.26	-0.0430546
14.28	-0.0475925
14.3	-0.0389413
14.32	-0.0115421
14.34	0.0224284
14.36	0.0380657
14.38	0.0324947
14.4	0.012021
14.42	-0.0153274
14.44	-0.0315774
14.46	-0.0388023
14.48	-0.0530774
14.5	-0.0722456
14.52	-0.0814788
14.54	-0.0810134
14.56	-0.0718035
14.58	-0.0502839
14.6	-0.0378289
14.62	-0.03683
14.64	-0.0285887
14.66	-0.0169806
14.68	-0.0128176
14.7	-0.0169057
14.72	-0.0113962
14.74	0.0097145
14.76	0.0344412
14.78	0.041077
14.8	0.0234344
14.82	-0.0105543
14.84	-0.0356545
14.86	-0.032123
14.88	-0.0100127
14.9	0.0012164
14.92	0.0074285
14.94	0.0210813
14.96	0.0391197
14.98	0.0639937
15	0.0759646
15.02	0.0666026
15.04	0.0440063
15.06	0.0279013
15.08	0.0246434
15.1	0.0187054
15.12	0.0145307
15.14	0.0123184
15.16	0.0227229
15.18	0.053518
15.2	0.0794119
15.22	0.0753328
15.24	0.0517595
15.26	0.0194135
15.28	-0.0143091
15.3	-0.0344965
15.32	-0.0372796
15.34	-0.0289849
15.36	-0.0169311
15.38	-0.0064876
15.4	-0.0048484
15.42	-0.026894
15.44	-0.0512455
15.46	-0.0580024
15.48	-0.0503949
15.5	-0.0389363
15.52	-0.0408984
15.54	-0.0514023
15.56	-0.0652115
15.58	-0.0751137
15.6	-0.0715333
15.62	-0.0682385
15.64	-0.0676202
15.66	-0.0624314
15.68	-0.0454124
15.7	-0.0191257
15.72	-0.0010541
15.74	0.0051585
15.76	0.0064942
15.78	0.019953
15.8	0.0340774
15.82	0.0348943
15.84	0.0337812
15.86	0.0352572
15.88	0.0319552
15.9	0.034139
15.92	0.0434804
15.94	0.0494998
15.96	0.0490704
15.98	0.0518503
16	0.0528791
16.02	0.0461524
16.04	0.0310382
16.06	0.0144619
16.08	0.0082729
16.1	0.0128826
16.12	0.0191979
16.14	0.0182951
16.16	0.0038552
16.18	-0.0121208
16.2	-0.0127224
16.22	-0.012731
16.24	-0.0195707
16.26	-0.0308527
16.28	-0.0423054
16.3	-0.0420551
16.32	-0.0345309
16.34	-0.0266141
16.36	-0.0191487
16.38	-0.0178258
16.4	-0.0180164
16.42	-0.0092273
16.44	0.0001471
16.46	-0.0059695
16.48	-0.0196948
16.5	-0.0206266
16.52	-0.0109078
16.54	0.0084916
16.56	0.0311038
16.58	0.0296082
16.6	-0.0052072
16.62	-0.0396915
16.64	-0.0531131
16.66	-0.0475164
16.68	-0.0281257
16.7	-0.0088566
16.72	0.00298
16.74	0.0128497
16.76	0.0251054
16.78	0.0365457
16.8	0.0392264
16.82	0.0332758
16.84	0.034062
16.86	0.0486018
16.88	0.0683746
16.9	0.0786037
16.92	0.0713857
16.94	0.0541944
16.96	0.0408477
16.98	0.046654
17	0.0621914
17.02	0.059486
17.04	0.029571
17.06	-0.0102597
17.08	-0.0345408
17.1	-0.0414314
17.12	-0.0428225
17.14	-0.0459365
17.16	-0.0453218
17.18	-0.0383979
17.2	-0.0252797
17.22	0.0019028
17.24	0.0175021
17.26	-0.0000114
17.28	-0.029554
17.3	-0.050045
17.32	-0.0476404
17.34	-0.0294289
17.36	-0.0218709
17.38	-0.026959
17.4	-0.0332953
17.42	-0.0324307
17.44	-0.0226484
17.46	-0.0162813
17.48	-0.0210792
17.5	-0.0390747
17.52	-0.0594665
17.54	-0.0658844
17.56	-0.0609418
17.58	-0.059528
17.6	-0.0620114
17.62	-0.0577776
17.64	-0.0425605
17.66	-0.0225138
17.68	-0.0014794
17.7	0.0075083
17.72	0.0074627
17.74	0.0177397
17.76	0.036228
17.78	0.0471307
17.8	0.0368409
17.82	0.0170043
17.84	0.0157158
17.86	0.0427969
17.88	0.0753978
17.9	0.0838406
17.92	0.0594062
17.94	0.0299321
17.96	0.0214223
17.98	0.0344016
18	0.0529566
18.02	0.0549388
18.04	0.0397577
18.06	0.0304037
18.08	0.0391217
18.1	0.0557718
18.12	0.0632905
18.14	0.0547732
18.16	0.034832
18.18	0.0135146
18.2	-0.0021897
18.22	-0.0195549
18.24	-0.0454981
18.26	-0.0610693
18.28	-0.0516006
18.3	-0.0284471
18.32	-0.0099738
18.34	-0.00185
18.36	-0.0018943
18.38	-0.0056089
18.4	-0.0064891
18.42	-0.0096394
18.44	-0.0170131
18.46	-0.0185625
18.48	-0.0130285
18.5	0.000365
18.52	0.0171409
18.54	0.0215396
18.56	0.0155489
18.58	0.0126243
18.6	0.0121769
18.62	0.0065494
18.64	-0.0019354
18.66	-0.0075621
18.68	-0.008711
18.7	-0.0030179
18.72	0.0044591
18.74	0.0096795
18.76	0.0057758
18.78	-0.0080509
18.8	-0.0157824
18.82	-0.0129602
18.84	-0.0092954
18.86	-0.0061085
18.88	-0.0053009
18.9	-0.0043654
18.92	-0.0009103
18.94	0.0116141
18.96	0.0284388
18.98	0.0344034
19	0.0281802
19.02	0.0149072
19.04	-0.0004582
19.06	-0.0027328
19.08	0.0099701
19.1	0.0244531
19.12	0.0306648
19.14	0.0270123
19.16	0.0175325
19.18	0.0101986
19.2	0.0059747
19.22	-0.0024186
19.24	-0.0130241
19.26	-0.0214399
19.28	-0.0269203
19.3	-0.0345014
19.32	-0.0417204
19.34	-0.0412201
19.36	-0.0353758
19.38	-0.0259404
19.4	-0.0157248
19.42	-0.0201053
19.44	-0.0342859
19.46	-0.0379974
19.48	-0.0265544
19.5	-0.0138655
19.52	-0.0106932
19.54	-0.0178635
19.56	-0.0264771
19.58	-0.0218966
19.6	-0.0075244
19.62	-0.0026541
19.64	-0.0150683
19.66	-0.0329564
19.68	-0.0399027
19.7	-0.0281642
19.72	-0.0054097
19.74	0.0098639
19.76	0.0089245
19.78	0.0034223
19.8	0.003569
19.82	0.0075331
19.84	0.007236
19.86	-0.0002919
19.88	-0.0060707
19.9	-0.0030752
19.92	0.0009889
19.94	0.0046408
19.96	0.0109547
19.98	0.011545
20	0.0087783
20.02	0.0110149
20.04	0.0105628
20.06	0.0045827
20.08	0.0036238
20.1	0.0078279
20.12	0.0098839
20.14	0.0084953
20.16	0.005933
20.18	0.005714
20.2	0.0041257
20.22	-0.0013368
20.24	-0.0133244
20.26	-0.0246873
20.28	-0.0265776
20.3	-0.0186854
20.32	0.0001448
20.34	0.0120854
20.36	0.0078089
20.38	0.0011954
20.4	-0.0066433
20.42	-0.0168679
20.44	-0.0241133
20.46	-0.0268328
20.48	-0.02819
20.5	-0.0211637
20.52	-0.0037758
20.54	0.0112104
20.56	0.0140187
20.58	0.0063019
20.6	-0.0042977
20.62	-0.0128009
20.64	-0.021524
20.66	-0.0275066
20.68	-0.024104
20.7	-0.0099961
20.72	0.0104506
20.74	0.0281747
20.76	0.0370008
20.78	0.0344709
20.8	0.0251306
20.82	0.0170935
20.84	0.0149564
20.86	0.0138165
20.88	0.0128387
20.9	0.0168027
20.92	0.0273377
20.94	0.0415512
20.96	0.0554305
20.98	0.0605866
21	0.0530485
21.02	0.0371203
21.04	0.0179513
21.06	0.002313
21.08	-0.0046903
21.1	-0.0029345
21.12	0.0065535
21.14	0.018955
21.16	0.0227786
21.18	0.0190375
21.2	0.0115617
21.22	0.000649
21.24	-0.0124877
21.26	-0.0230571
21.28	-0.0295372
21.3	-0.0330093
21.32	-0.0306409
21.34	-0.0258173
21.36	-0.021513
21.38	-0.0122537
21.4	-0.0014195
21.42	0.0040966
21.44	0.0049404
21.46	0.0011103
21.48	-0.0053176
21.5	-0.0085741
21.52	-0.0038558
21.54	0.0035915
21.56	0.007916
21.58	0.0077754
21.6	0.0023909
21.62	-0.0017136
21.64	-0.002522
21.66	-0.0046886
21.68	-0.0082059
21.7	-0.0110338
21.72	-0.0112583
21.74	-0.0110014
21.76	-0.0115739
21.78	-0.0128037
21.8	-0.0151372
21.82	-0.0115255
21.84	-0.0022007
21.86	0.0056404
21.88	0.0079725
21.9	0.0069431
21.92	0.0043405
21.94	0.0038318
21.96	0.0047049
21.98	0.0011889
22	-0.0030009
22.02	-0.0062739
22.04	-0.0075234
22.06	-0.005534
22.08	-0.007299
22.1	-0.015335
22.12	-0.0196948
22.14	-0.014251
22.16	0.0012715
22.18	0.0179581
22.2	0.024733
22.22	0.0215377
22.24	0.0173927
22.26	0.0146492
22.28	0.0117923
22.3	0.0075578
22.32	0.0052473
22.34	0.0110231
22.36	0.0217875
22.38	0.0272646
22.4	0.0224709
22.42	0.0089106
22.44	-0.0054418
22.46	-0.0067753
22.48	0.0063755
22.5	0.0170383
22.52	0.0122081
22.54	0.0007965
22.56	-0.0047138
22.58	-0.0059155
22.6	-0.0065128
22.62	-0.0096559
22.64	-0.014906
22.66	-0.0168011
22.68	-0.0133887
22.7	-0.0101573
22.72	-0.0086572
22.74	-0.0078941
22.76	-0.0034863
22.78	0.0072337
22.8	0.0150681
22.82	0.0112806
22.84	-0.0026964
22.86	-0.0130963
22.88	-0.0109035
22.9	-0.0022242
22.92	0.0047471
22.94	0.0079351
22.96	0.0086691
22.98	0.0135635
23	0.0211191
23.02	0.0202148
23.04	0.0082527
23.06	-0.0057566
23.08	-0.0123434
23.1	-0.0075321
23.12	0.0014747
23.14	0.0041684
23.16	-0.0027063
23.18	-0.0113677
23.2	-0.0127582
23.22	-0.0096336
23.24	-0.0071153
23.26	-0.0075693
23.28	-0.0125147
23.3	-0.0170368
23.32	-0.0157192
23.34	-0.0085826
23.36	0.0042098
23.38	0.0155357
23.4	0.0153049
23.42	0.0079242
23.44	-0.0031889
23.46	-0.0152676
23.48	-0.018404
23.5	-0.0129495
23.52	-0.007735
23.54	-0.0048461
23.56	-0.0048977
23.58	-0.0056509
23.6	-0.0063993
23.62	-0.0114537
23.64	-0.0176527
23.66	-0.0173004
23.68	-0.0078116
23.7	0.0020882
23.72	0.0077416
23.74	0.0102615
23.76	0.0075952
23.78	0.0025179
23.8	0.0009822
23.82	0.0017585
23.84	-0.0031273
23.86	-0.006362
23.88	-0.0024281
23.9	0.0021688
23.92	0.0067645
23.94	0.0076576
23.96	0.007209
23.98	0.0078961
24	0.0067182
24.02	0.0054423
24.04	0.0023764
24.06	-0.0019646
24.08	-0.0003643
24.1	0.0076081
24.12	0.0134631
24.14	0.0120237
24.16	0.0075175
24.18	0.0026342
24.2	0.0037143
24.22	0.0095057
24.24	0.00909
24.26	0.0051452
24.28	0.0023638
24.3	0.00111
24.32	0.0036231
24.34	0.0052953
24.36	0.002981
24.38	-0.0012262
24.4	-0.0026749
24.42	-0.0004191
24.44	0.0008214
24.46	-0.0000556
24.48	-0.0015331
24.5	-0.003179
24.52	-0.0039694
24.54	-0.0060129
24.56	-0.0089236
24.58	-0.0091449
24.6	-0.0092018
24.62	-0.0081627
24.64	-0.0075295
24.66	-0.0095731
24.68	-0.0109425
24.7	-0.0099444
24.72	-0.0063878
24.74	-0.002433
24.76	-0.001882
24.78	-0.0029123
24.8	-0.0038659
24.82	-0.0048925
24.84	-0.0046383
24.86	-0.003162
24.88	-0.0013605
24.9	-0.00079
24.92	-0.0000969
24.94	0.0002546
24.96	-0.0024365
24.98	-0.0050997
25	-0.0051388
25.02	-0.0038521
25.04	-0.0004167
25.06	0.0061018
25.08	0.0109585
25.1	0.0110654
25.12	0.0098789
25.14	0.0081707
25.16	0.004601
25.18	0.0030562
25.2	0.0042264
25.22	0.0065268
25.24	0.0090441
25.26	0.0109926
25.28	0.0114517
25.3	0.0093469
25.32	0.0058401
25.34	0.0016359
25.36	0.00017
25.38	-0.0001265
25.4	-0.0012588
25.42	-0.002863
25.44	-0.0040629
25.46	-0.0035199
25.48	-0.0020525
25.5	0.0000453
25.52	0.0010898
25.54	0.0007086
25.56	0.0011647
25.58	0.0014573
25.6	-0.001149
25.62	-0.0088561
25.64	-0.0162208
25.66	-0.0165792
25.68	-0.0114142
25.7	-0.0047294
25.72	-0.0012976
25.74	-0.0024783
25.76	-0.0025147
25.78	0.0044444
25.8	0.0127156
25.82	0.0165137
25.84	0.0145354
25.86	0.0081356
25.88	0.002205
25.9	0.0025793
25.92	0.0059391
25.94	0.0070927
25.96	0.0064123
25.98	0.0070059
26	0.0093468
26.02	0.0072066
26.04	0.0008191
26.06	-0.0050209
26.08	-0.0086528
26.1	-0.0087878
26.12	-0.003785
26.14	0.0024704
26.16	0.0068207
26.18	0.0089301
26.2	0.0077989
26.22	0.0017749
26.24	-0.006997
26.26	-0.0135445
26.28	-0.0134445
26.3	-0.007445
26.32	-0.0005769
26.34	0.0040822
26.36	0.0050354
26.38	0.0024894
26.4	-0.0015225
26.42	-0.0072852
26.44	-0.0134671
26.46	-0.0160837
26.48	-0.0135775
26.5	-0.0062948
26.52	0.0000956
26.54	0.0000578
26.56	-0.002823
26.58	-0.0049802
26.6	-0.0038816
26.62	-0.000752
26.64	-0.0012577
26.66	-0.0038531
26.68	-0.0048243
26.7	-0.0040399
26.72	-0.003655
26.74	-0.0061157
26.76	-0.0098877
26.78	-0.010689
26.8	-0.0049838
26.82	0.0044166
26.84	0.011659
26.86	0.0133254
26.88	0.0106187
26.9	0.0082282
26.92	0.0073118
26.94	0.0062625
26.96	0.0062667
26.98	0.0090202
27	0.0108507
27.02	0.0102999
27.04	0.0071241
27.06	-0.0004944
27.08	-0.0084263
27.1	-0.0102476
27.12	-0.0060678
27.14	0.0012325
27.16	0.0080905
27.18	0.0102005
27.2	0.0105109
27.22	0.008072
27.24	0.0019778
27.26	-0.0007531
27.28	-0.0011897
27.3	-0.0018286
27.32	-0.0016675
27.34	-0.0038646
27.36	-0.0079867
27.38	-0.0090891
27.4	-0.0064822
27.42	-0.0035809
27.44	-0.0021362
27.46	-0.0035377
27.48	-0.0062956
27.5	-0.0079871
27.52	-0.0082366
27.54	-0.0081523
27.56	-0.0088454
27.58	-0.0081738
27.6	-0.0044379
27.62	0.0014709
27.64	0.0052987
27.66	0.0065348
27.68	0.0062189
27.7	0.0041071
27.72	-0.0002485
27.74	-0.0049694
27.76	-0.006488
27.78	-0.0044648
27.8	0.0011337
27.82	0.0085478
27.84	0.0137052
27.86	0.0145482
27.88	0.012802
27.9	0.0100333
27.92	0.0069234
27.94	0.0043299
27.96	0.0030567
27.98	0.0054596
28	0.0093565
28.02	0.0124328
28.04	0.0127623
28.06	0.0080561
28.08	0.0017687
28.1	-0.0023878
28.12	-0.0043529
28.14	-0.0063966
28.16	-0.0079208
28.18	-0.0080658
28.2	-0.0075771
28.22	-0.0059956
28.24	-0.0049787
28.26	-0.0047005
28.28	-0.0046452
28.3	-0.0051727
28.32	-0.0054806
28.34	-0.0072735
28.36	-0.0088904
28.38	-0.0063666
28.4	0.000407
28.42	0.0067022
28.44	0.0074788
28.46	0.0034288
28.48	-0.0016143
28.5	-0.0032948
28.52	-0.0005299
28.54	0.00172
28.56	-0.0003847
28.58	-0.0049435
28.6	-0.0072344
28.62	-0.0046686
28.64	0.0010712
28.66	0.0053864
28.68	0.005242
28.7	0.0023238
28.72	-0.0000274
28.74	-0.0007151
28.76	-0.0010758
28.78	-0.0009074
28.8	0.0012037
28.82	0.0041557
28.84	0.0061416
28.86	0.0060671
28.88	0.0030852
28.9	-0.0013985
28.92	-0.0048198
28.94	-0.0058003
28.96	-0.0039538
28.98	-0.0017593
29	-0.0009604
29.02	-0.0012044
29.04	-0.0031048
29.06	-0.0052132
29.08	-0.0056558
29.1	-0.00559
29.12	-0.0051298
29.14	-0.0021493
29.16	0.0028648
29.18	0.0074421
29.2	0.0113596
29.22	0.0118166
29.24	0.0077278
29.26	0.0026993
29.28	-0.0025579
29.3	-0.005461
29.32	-0.0028502
29.34	0.0013055
29.36	0.0033691
29.38	0.0056556
29.4	0.0078595
29.42	0.0069073
29.44	0.0051716
29.46	0.0021528
29.48	-0.0033713
29.5	-0.0071383
29.52	-0.0068624
29.54	-0.0043309
29.56	0.0013828
29.58	0.0080728
29.6	0.0099597
29.62	0.0061797
29.64	-0.0013267
29.66	-0.007982
29.68	-0.0091657
29.7	-0.0062234
29.72	-0.0008405
29.74	0.0029371
29.76	0.0032279
29.78	0.0035776
29.8	0.0047223
29.82	0.0048237
29.84	0.0027394
29.86	-0.0001739
29.88	-0.0025456
29.9	-0.0035527
29.92	-0.0015348
29.94	0.0021889
29.96	0.0040558
29.98	0.0040266
30	0.0038132
30.02	0.0019481
30.04	-0.0013035
30.06	-0.0027111
30.08	-0.0007045
30.1	0.002815
30.12	0.0072661
30.14	0.0082846
30.16	0.0042417
30.18	-0.0014713
30.2	-0.0057529
30.22	-0.0045704
30.24	-0.0019085
30.26	-0.0010086
30.28	-0.000235
30.3	0.000022
30.32	-0.001836
30.34	-0.0027479
30.36	-0.0028585
30.38	-0.0041759
30.4	-0.003438
30.42	-0.0023229
30.44	-0.0028323
30.46	-0.0041779
30.48	-0.0059346
30.5	-0.0064395
30.52	-0.0063214
30.54	-0.0055828
30.56	-0.0031122
30.58	-0.0006878
30.6	0.0011645
30.62	0.0022671
30.64	0.0013898
30.66	-0.0013107
30.68	-0.0045733
30.7	-0.005162
30.72	-0.0029424
30.74	0.0001943
30.76	0.0036809
30.78	0.0055951
30.8	0.0055187
30.82	0.0043704
30.84	0.0026459
30.86	0.0004643
30.88	-0.0014453
30.9	-0.0016781
30.92	0.0010793
30.94	0.0040503
30.96	0.0040397
30.98	0.002396
31	-0.0004972
31.02	-0.0037075
31.04	-0.0046446
31.06	-0.0036891
31.08	-0.0028632
31.1	-0.0019721
31.12	-0.000896
31.14	0.0005319
31.16	0.0019153
31.18	0.0034757
31.2	0.0041046
31.22	0.0015746
31.24	-0.0007722
31.26	-0.001387
31.28	-0.0025215
31.3	-0.0023743
31.32	-0.0012807
31.34	-0.0016777
31.36	-0.0026644
31.38	-0.0027686
31.4	-0.0027038
31.42	-0.0032723
31.44	-0.0048554
31.46	-0.0059781
31.48	-0.0052109
31.5	-0.0033759
31.52	-0.0003933
31.54	0.0016682
31.56	0.0010622
31.58	0.0005818
31.6	0.0012189
31.62	0.0027777
31.64	0.0056088
31.66	0.0064804
31.68	0.0053404
31.7	0.0039526
31.72	0.0024401
31.74	0.0027926
31.76	0.0041089
31.78	0.0048546
31.8	0.0063929
31.82	0.0078873
31.84	0.0094767
31.86	0.0102555
31.88	0.0086899
31.9	0.0052144
31.92	-0.0002604
31.94	-0.0050649
31.96	-0.0057104
31.98	-0.0043915
32	-0.0025296
32.02	-0.0004997
32.04	-0.0002813
32.06	-0.0006584
32.08	-0.0004011
32.1	-0.0002129
32.12	-0.0013152
32.14	-0.0041414
32.16	-0.0070225
32.18	-0.0063044
32.2	-0.0029693
32.22	-0.0009382
32.24	-0.0001607
32.26	-0.0006933
32.28	-0.0021028
32.3	-0.0023848
32.32	-0.0016941
32.34	-0.0002912
32.36	0.0002316
32.38	0.0003325
32.4	0.002072
32.42	0.0022159
32.44	0.000378
32.46	-0.0012002
32.48	-0.003019
32.5	-0.0030236
32.52	0.0002393
32.54	0.0038731
32.56	0.0058615
32.58	0.0053691
32.6	0.0034794
32.62	0.0019237
32.64	-0.0000578
32.66	-0.0012407
32.68	-0.0002317
32.7	0.001157
32.72	0.0038604
32.74	0.0060304
32.76	0.0048748
32.78	0.002773
32.8	0.0004511
32.82	-0.0014364
32.84	-0.0025803
32.86	-0.0034137
32.88	-0.0033442
32.9	-0.0035844
32.92	-0.0040056
32.94	-0.0047817
32.96	-0.0058954
32.98	-0.0064218
33	-0.0071922
33.02	-0.0074293
33.04	-0.0061353
33.06	-0.0052471
33.08	-0.0044282
33.1	-0.0025769
33.12	-0.0011757
33.14	0.0000814
33.16	0.0012398
33.18	0.0014879
33.2	0.0001931
33.22	-0.0023312
33.24	-0.0043795
33.26	-0.0047478
33.28	-0.0030798
33.3	-0.0003576
33.32	0.0013805
33.34	0.0015808
33.36	0.0010586
33.38	0.0009121
33.4	0.0015618
33.42	0.0022246
33.44	0.0017427
33.46	0.001144
33.48	0.0011759
33.5	0.0022193
33.52	0.0037383
33.54	0.0033157
33.56	0.0005238
33.58	-0.0015615
33.6	-0.0010351
33.62	0.0009181
33.64	0.0033607
33.66	0.0054877
33.68	0.0052963
33.7	0.0043955
33.72	0.0047352
33.74	0.0034933
33.76	0.0015649
33.78	0.0001791
33.8	-0.0010858
33.82	-0.0005336
33.84	0.0003031
33.86	0.0001451
33.88	-0.000128
33.9	-0.000333
33.92	-0.0002407
33.94	-0.0004667
33.96	-0.0022773
33.98	-0.0055147
34	-0.008256
34.02	-0.0085673
34.04	-0.0061107
34.06	-0.0023092
34.08	0.0000652
34.1	0.0000763
34.12	0.0001802
34.14	0.0015835
34.16	0.0033647
34.18	0.0056647
34.2	0.0070717
34.22	0.006499
34.24	0.0041551
34.26	0.0006683
34.28	-0.0027733
34.3	-0.0061447
34.32	-0.0092599
34.34	-0.009755
34.36	-0.007002
34.38	-0.0017481
34.4	0.0043063
34.42	0.0081498
34.44	0.0084702
34.46	0.0053132
34.48	0.0010545
34.5	-0.0015164
34.52	-0.0024359
34.54	-0.0018583
34.56	-0.0006409
34.58	0.000168
34.6	-0.000312
34.62	-0.000948
34.64	-0.001537
34.66	-0.0013015
34.68	0.0002129
34.7	0.001631
34.72	0.0031843
34.74	0.0036363
34.76	0.0015838
34.78	-0.0012228
34.8	-0.0041821
34.82	-0.0058941
34.84	-0.0053943
34.86	-0.0034046
34.88	-0.0008678
34.9	0.0014091
34.92	0.0015418
34.94	0.0008348
34.96	0.0005101
34.98	-0.0000038
35	0.0011346
35.02	0.0030681
35.04	0.0036629
35.06	0.0041108
35.08	0.0044983
35.1	0.0037286
35.12	0.0027216
35.14	0.0011489
35.16	-0.0001676
35.18	0.0001891
35.2	0.0015174
35.22	0.0030788
35.24	0.0039272
35.26	0.0035827
35.28	0.0032899
35.3	0.0031952
35.32	0.0011146
35.34	-0.0019994
35.36	-0.0047014
35.38	-0.0071805
35.4	-0.0074706
35.42	-0.0050463
35.44	-0.0017983
35.46	0.0010227
35.48	0.002575
35.5	0.0030994
35.52	0.0029225
35.54	0.001414
35.56	-0.0004293
35.58	-0.0016811
35.6	-0.0020599
35.62	-0.0014666
35.64	-0.0013138
35.66	-0.0016944
35.68	-0.0015359
35.7	-0.0009051
35.72	0.0005432
35.74	0.0018393
35.76	0.002107
35.78	0.0014657
35.8	0.0012066
35.82	0.0028698
35.84	0.0062005
35.86	0.0086353
35.88	0.0088344
35.9	0.0068286
35.92	0.0025277
35.94	-0.0012805
35.96	-0.0022034
35.98	-0.0011387
36	0.0009001
36.02	0.0036539
36.04	0.006028
36.06	0.0059921
36.08	0.0042543
36.1	0.0017316
36.12	-0.0021841
36.14	-0.0052218
36.16	-0.0059989
36.18	-0.0053899
36.2	-0.0038117
36.22	-0.0026543
36.24	-0.0030756
36.26	-0.0044282
36.28	-0.0059064
36.3	-0.0073936
36.32	-0.0080027
36.34	-0.0075819
36.36	-0.0057878
36.38	-0.002308
36.4	0.0017495
36.42	0.0035677
36.44	0.001836
36.46	-0.0015202
36.48	-0.0049756
36.5	-0.0066874
36.52	-0.0059093
36.54	-0.0047893
36.56	-0.0040851
36.58	-0.0033478
36.6	-0.001651
36.62	0.0008694
36.64	0.002567
36.66	0.0031702
36.68	0.0026663
36.7	0.0013464
36.72	0.0004461
36.74	0.000625
36.76	0.0007426
36.78	0.0004459
36.8	0.0005236
36.82	0.0009854
36.84	0.0015157
36.86	0.0025594
36.88	0.0039174
36.9	0.0047303
36.92	0.0055592
36.94	0.0057442
36.96	0.0049159
36.98	0.0029619
37	0.0004253
37.02	-0.0018303
37.04	-0.0035177
37.06	-0.003528
37.08	-0.0013783
37.1	0.0018545
37.12	0.0053749
37.14	0.0067719
37.16	0.0050426
37.18	0.0021844
37.2	0.0000231
37.22	-0.0006285
37.24	0.0008855
37.26	0.0029286
37.28	0.0041111
37.3	0.0046354
37.32	0.0043331
37.34	0.00301
37.36	0.0005272
37.38	-0.0017384
37.4	-0.002871
37.42	-0.0032045
37.44	-0.0035082
37.46	-0.0038001
37.48	-0.0044661
37.5	-0.0053879
37.52	-0.0056574
37.54	-0.0059003
37.56	-0.0068631
37.58	-0.0073044
37.6	-0.0060766
37.62	-0.0033684
37.64	0.0005092
37.66	0.0038614
37.68	0.0058675
37.7	0.0070285
37.72	0.0074561
37.74	0.0070648
37.76	0.0060417
37.78	0.0049737
37.8	0.0040701
37.82	0.0032413
37.84	0.0014688
37.86	-0.000941
37.88	-0.0032673
37.9	-0.0043939
37.92	-0.0028997
37.94	-0.0002607
37.96	0.0017966
37.98	0.0025168
38	0.0016608
38.02	0.0008405
38.04	0.0009538
38.06	0.0011557
38.08	0.0009656
38.1	0.0012192
38.12	0.0024445
38.14	0.0038299
38.16	0.0048555
38.18	0.0047081
38.2	0.0024732
38.22	-0.0006035
38.24	-0.0033161
38.26	-0.0055873
38.28	-0.0065951
38.3	-0.0056213
38.32	-0.0034292
38.34	-0.0017238
38.36	-0.0014218
38.38	-0.0028471
38.4	-0.0043978
38.42	-0.0046171
38.44	-0.0038987
38.46	-0.0029218
38.48	-0.0022574
38.5	-0.0018912
38.52	-0.0004618
38.54	0.0010958
38.56	0.0007932
38.58	-0.0008093
38.6	-0.0027922
38.62	-0.0031635
38.64	-0.00112
38.66	0.0008511
38.68	0.0015869
38.7	0.0011633
38.72	0.0005281
38.74	0.0005442
38.76	0.0003178
38.78	-0.0008365
38.8	-0.0025049
38.82	-0.0031376
38.84	-0.0024919
38.86	-0.0017069
38.88	-0.0010386
38.9	-0.0007741
38.92	-0.0002242
38.94	0.0017372
38.96	0.0035884
38.98	0.0041386
39	0.0046581
39.02	0.0058988
39.04	0.0072175
39.06	0.0070238
39.08	0.0049486
39.1	0.0022073
39.12	0.0007882
39.14	0.0014435
39.16	0.0020217
39.18	0.0009009
39.2	-0.0013345
39.22	-0.0025079
39.24	-0.001689
39.26	-0.0010308
39.28	-0.0020427
39.3	-0.0036162
39.32	-0.0025119
39.34	0.0018976
39.36	0.0063863
39.38	0.0073674
39.4	0.0048642
39.42	0.0020327
39.44	0.0018614
39.46	0.0034514
39.48	0.0028879
39.5	-0.0006596
39.52	-0.0019066
39.54	-0.0012336
39.56	-0.00059
39.58	-0.0012909
39.6	-0.0084375
39.62	-0.0099924
39.64	-0.0026478
39.66	0.0044455
39.68	0.0092094
39.7	0.0044038
39.72	-0.0058153
39.74	-0.0127816
39.76	-0.0126785
39.78	-0.002914
39.8	0.0039813
39.82	-0.0000679
39.84	-0.004145
39.86	-0.0002646
39.88	0.0066695
39.9	0.0079565
39.92	0.0033831
39.94	-0.0024093
39.96	-0.003068
39.98	0.0020843
40	0.0053958
40.02	0.003941
40.04	-0.0007851
40.06	-0.0055416
40.08	-0.0067511
40.1	-0.0051448
40.12	-0.0029188
40.14	-0.0023444
40.16	-0.0022732
40.18	-0.0006995
40.2	0.000855
40.22	0.0008723
40.24	-0.001346
40.26	-0.0041547
40.28	-0.0052555
40.3	-0.0046224
40.32	-0.0033616
40.34	-0.0022771
40.36	-0.0009534
40.38	0.0002211
40.4	0.0007847
40.42	-0.0000076
40.44	-0.0024891
40.46	-0.0057938
40.48	-0.0075266
40.5	-0.0054931
40.52	-0.0016324
40.54	0.0019095
40.56	0.0037817
40.58	0.0024756
40.6	0.0002685
40.62	-0.000816
40.64	-0.0003584
40.66	0.0026596
40.68	0.0070344
40.7	0.008105
40.72	0.0068199
40.74	0.0059254
40.76	0.0046271
40.78	0.0040409
40.8	0.002768
40.82	-0.0011458
40.84	-0.0032768
40.86	-0.0006637
40.88	0.0040376
40.9	0.0076705
40.92	0.0065837
40.94	0.0026594
40.96	0.0016771
40.98	0.0032339
41	0.0039505
41.02	0.0036297
41.04	0.0026267
41.06	0.001128
41.08	0.0014449
41.1	0.0041213
41.12	0.0055091
41.14	0.0048502
41.16	0.0033419
41.18	0.002359
41.2	0.0022676
41.22	-0.0003072
41.24	-0.0047784
41.26	-0.0082398
41.28	-0.0109613
41.3	-0.0105515
41.32	-0.0058112
41.34	-0.0006652
41.36	0.0025198
41.38	0.0025766
41.4	-0.0007202
41.42	-0.0056532
41.44	-0.009331
41.46	-0.0093114
41.48	-0.0051472
41.5	0.0009474
41.52	0.0048616
41.54	0.0057385
41.56	0.0055518
41.58	0.0045336
41.6	0.0017621
41.62	-0.0013881
41.64	-0.0034012
41.66	-0.0032688
41.68	-0.000925
41.7	0.0015831
41.72	0.0027766
41.74	0.0019011
41.76	-0.0000297
41.78	-0.0017207
41.8	-0.0028377
41.82	-0.0030762
41.84	-0.0037236
41.86	-0.004142
41.88	-0.0030273
41.9	-0.0008793
41.92	0.0010078
41.94	0.0023811
41.96	0.003368
41.98	0.0022541
42	-0.0004613
42.02	-0.0037727
42.04	-0.0058341
42.06	-0.0043151
42.08	-0.0001502
42.1	0.0048806
42.12	0.0087681
42.14	0.0104598
42.16	0.0106102
42.18	0.0089386
42.2	0.0050574
42.22	-0.0008248
42.24	-0.0053704
42.26	-0.0058564
42.28	-0.0030257
42.3	0.0005652
42.32	0.0017367
42.34	0.0001791
42.36	-0.0021216
42.38	-0.0027081
42.4	-0.003099
42.42	-0.0048236
42.44	-0.0063428
42.46	-0.0068669
42.48	-0.0052039
42.5	-0.0010624
42.52	0.0025684
42.54	0.003812
42.56	0.003108
42.58	0.0015868
42.6	-0.0007785
42.62	-0.0035382
42.64	-0.0060457
42.66	-0.0070829
42.68	-0.0052848
42.7	-0.0018311
42.72	0.0010159
42.74	0.0024124
42.76	0.0027468
42.78	0.0015626
42.8	-0.0008949
42.82	-0.0032444
42.84	-0.0052756
42.86	-0.005516
42.88	-0.0035136
42.9	-0.0014335
42.92	-0.0003419
42.94	-0.0005804
42.96	-0.0002312
42.98	0.0019925
43	0.0043508
43.02	0.004831
43.04	0.0028094
43.06	0.0008919
43.08	0.0006024
43.1	0.0007348
43.12	0.000788
43.14	0.0001893
43.16	-0.0004288
43.18	0.0002563
43.2	0.0022436
43.22	0.0040316
43.24	0.0035233
43.26	0.0020353
43.28	0.000982
43.3	0.000221
43.32	-0.0006695
43.34	-0.0020534
43.36	-0.0026893
43.38	-0.0027033
43.4	-0.0023775
43.42	-0.002154
43.44	-0.0030264
43.46	-0.0035148
43.48	-0.0022969
43.5	-0.0002103
43.52	0.0016227
43.54	0.0023402
43.56	0.0016497
43.58	0.0008572
43.6	0.0010066
43.62	0.0008855
43.64	0.0002636
43.66	-0.0002293
43.68	-0.0000631
43.7	0.0009779
43.72	0.0021816
43.74	0.002323
43.76	0.0017411
43.78	0.0012108
43.8	0.0006912
43.82	-0.0005243
43.84	-0.0028769
43.86	-0.0051752
43.88	-0.0063313
43.9	-0.0061971
43.92	-0.003824
43.94	-0.0007977
43.96	0.0020486
43.98	0.0044727
44	0.0050729
44.02	0.0045508
44.04	0.0029479
44.06	0.0012773
44.08	0.001321
44.1	0.0016574
44.12	0.0013777
44.14	0.0003064
44.16	-0.0005587
44.18	0.0002261
44.2	0.0013746
44.22	0.0017346
44.24	0.0010135
44.26	-0.0008236
44.28	-0.0021294
44.3	-0.0019777
44.32	-0.000865
44.34	0.0002355
44.36	0.0011466
44.38	0.0019974
44.4	0.0026189
44.42	0.0021407
44.44	0.0011293
44.46	0.0005206
44.48	0.0011766
44.5	0.0028915
44.52	0.0044126
44.54	0.0049706
44.56	0.0044437
44.58	0.0032665
44.6	0.0021924
44.62	0.0008463
44.64	-0.0007108
44.66	-0.0015434
44.68	-0.0012204
44.7	-0.0003409
44.72	0.0004664
44.74	0.0003412
44.76	-0.0007753
44.78	-0.0019881
44.8	-0.002623
44.82	-0.0028499
44.84	-0.0033241
44.86	-0.0030404
44.88	-0.0014393
44.9	0.0002669
44.92	0.0015485
44.94	0.0021398
44.96	0.0022899
44.98	0.002173
45	0.0019635
45.02	0.001446
45.04	0.0006031
45.06	0.0002508
45.08	0.0007112
45.1	0.0015407
45.12	0.0017634
45.14	0.0005866
45.16	-0.0013108
45.18	-0.0022222
45.2	-0.0020713
45.22	-0.0015405
45.24	-0.0011157
45.26	-0.000909
45.28	-0.0001338
45.3	0.0014084
45.32	0.0023579
45.34	0.0024616
45.36	0.0016207
45.38	0.0009008
45.4	0.0009133
45.42	0.0005412
45.44	-0.0002903
45.46	-0.0008146
45.48	-0.0007459
45.5	0.0001023
45.52	0.0011425
45.54	0.0009685
45.56	0.0000122
45.58	-0.0012857
45.6	-0.0026593
45.62	-0.0029621
45.64	-0.0027522
45.66	-0.0022871
45.68	-0.0013165
45.7	-0.0008962
45.72	-0.0015029
45.74	-0.0027126
45.76	-0.0038591
45.78	-0.004204
45.8	-0.0036771
45.82	-0.0027279
45.84	-0.0021176
45.86	-0.0016134
45.88	-0.0006548
45.9	0.0006031
45.92	0.0018005
45.94	0.002333
45.96	0.0018175
45.98	0.0016167
46	0.0019111
46.02	0.0021442
46.04	0.0024379
46.06	0.0026737
46.08	0.0029931
46.1	0.0035523
46.12	0.003441
46.14	0.0023436
46.16	0.0010214
46.18	0.0002496
46.2	0.0002414
46.22	0.0006009
46.24	0.000876
46.26	0.0006089
46.28	0.0004819
46.3	0.0011416
46.32	0.0019267
46.34	0.0024475
46.36	0.0024845
46.38	0.0022461
46.4	0.0018521
46.42	0.0010459
46.44	-0.000445
46.46	-0.0020803
46.48	-0.0030366
46.5	-0.0029908
46.52	-0.0021225
46.54	-0.0014045
46.56	-0.001203
46.58	-0.0011276
46.6	-0.0011745
46.62	-0.001178
46.64	-0.001235
46.66	-0.0012023
46.68	-0.0007613
46.7	-0.0003234
46.72	-0.000268
46.74	-0.0008367
46.76	-0.0018631
46.78	-0.0026027
46.8	-0.0025563
46.82	-0.0020791
46.84	-0.0015715
46.86	-0.0010082
46.88	-0.0004334
46.9	-0.0001003
46.92	0.0001916
46.94	0.0002966
46.96	0.0000448
46.98	-0.0000359
47	0.0000601
47.02	0.000072
47.04	0.0000411
47.06	0.0000322
47.08	0.0001888
47.1	0.0004618
47.12	0.0005535
47.14	0.0003498
47.16	0.0000042
47.18	-0.0001168
47.2	0.0000572
47.22	0.0002001
47.24	0.00024
47.26	0.000082
47.28	-0.0000369
47.3	0.0000869
47.32	0.0002079
47.34	0.0001461
47.36	0.0000601
47.38	0.0000805
47.4	0.0002931
47.42	0.000419
47.44	0.0002018
47.46	-0.0001095
47.48	-0.0002119
47.5	-0.0001264
47.52	-0.0000125
47.54	-0.000058
47.56	-0.0001981
47.58	-0.0001717
47.6	0.0000317
47.62	0.0001492
47.64	0.0000884
47.66	-0.0000232
47.68	0.0000197
47.7	0.0002132
47.72	0.000315
47.74	0.0001832
47.76	-0.000014
47.78	-0.0000461
47.8	0.0000915
47.82	0.0001601
47.84	0.0000241
47.86	-0.0001659
47.88	-0.0001604
47.9	0.0000275
47.92	0.0001427
47.94	0.0000316
