0	0
0.02	-0.0000004
0.04	-0.0001373
0.06	0.0000231
0.08	0.0002096
0.1	0.0001638
0.12	-0.0000543
0.14	-0.0001451
0.16	0.0000173
0.18	0.0002074
0.2	0.0001608
0.22	-0.0000607
0.24	-0.0001522
0.26	0.0000125
0.28	0.0002052
0.3	0.0001577
0.32	-0.0000665
0.34	-0.000159
0.36	0.0000081
0.38	0.0002029
0.4	0.0001548
0.42	-0.0000724
0.44	-0.0001655
0.46	0.0000038
0.48	0.000201
0.5	0.0001518
0.52	-0.0000781
0.54	-0.0001722
0.56	-0.0000004
0.58	0.0001993
0.6	0.0001491
0.62	-0.0000834
0.64	-0.0001783
0.66	-0.0000041
0.68	0.0001979
0.7	0.0001469
0.72	-0.0000888
0.74	-0.0001845
0.76	-0.0000077
0.78	0.0001965
0.8	0.0001447
0.82	-0.0000941
0.84	-0.0001905
0.86	-0.0000112
0.88	0.0001956
0.9	0.0001425
0.92	-0.0000996
0.94	-0.0001969
0.96	-0.0000151
0.98	0.0001947
1	0.0001409
1.02	-0.0001039
1.04	-0.000202
1.06	-0.0000176
1.08	0.0001943
1.1	0.0001392
1.12	-0.0001088
1.14	-0.0002078
1.16	-0.0000204
1.18	0.0001939
1.2	0.0001377
1.22	-0.0001136
1.24	-0.0002132
1.26	-0.0000231
1.28	0.0001939
1.3	0.0001363
1.32	-0.0001182
1.34	-0.0002187
1.36	-0.0000255
1.38	0.000194
1.4	0.0001353
1.42	-0.0001229
1.44	-0.0002239
1.46	-0.0000278
1.48	0.0001946
1.5	0.0001342
1.52	-0.0001272
1.54	-0.0002291
1.56	-0.0000296
1.58	0.0001952
1.6	0.0001335
1.62	-0.0001317
1.64	-0.000234
1.66	-0.0000314
1.68	0.0001962
1.7	0.0001328
1.72	-0.0001359
1.74	-0.0002389
1.76	-0.0000327
1.78	0.0001974
1.8	0.0001325
1.82	-0.0001401
1.84	-0.0002435
1.86	-0.0000341
1.88	0.000199
1.9	0.0001321
1.92	-0.0001441
1.94	-0.0002482
1.96	-0.0000349
1.98	0.0002007
2	0.0001321
2.02	-0.0001483
2.04	-0.0002525
2.06	-0.0000357
2.08	0.0002028
2.1	0.0001092
2.12	-0.0001974
2.14	-0.0003243
2.16	-0.000123
2.18	0.0001017
2.2	0.0000435
2.22	-0.0002368
2.24	-0.0003099
2.26	-0.0000536
2.28	0.0002417
2.3	0.0002431
2.32	0.0000452
2.34	0.0000559
2.36	0.0004166
2.38	0.0008034
2.4	0.0010386
2.42	0.0010948
2.44	0.0013807
2.46	0.0020597
2.48	0.002876
2.5	0.0034837
2.52	0.0038751
2.54	0.0044754
2.56	0.0055326
2.58	0.006579
2.6	0.0074345
2.62	0.0080573
2.64	0.0089005
2.66	0.0100393
2.68	0.0111198
2.7	0.0119767
2.72	0.0125519
2.74	0.0132582
2.76	0.0142227
2.78	0.0151528
2.8	0.0157572
2.82	0.015973
2.84	0.0162728
2.86	0.0167844
2.88	0.0171626
2.9	0.0171211
2.92	0.0166871
2.94	0.0162886
2.96	0.0160466
2.98	0.0156466
3	0.0148165
3.02	0.0135775
3.04	0.0123975
3.06	0.0114008
3.08	0.0103057
3.1	0.0086975
3.12	0.0066442
3.14	0.004736
3.16	0.0029904
3.18	0.001052
3.2	-0.0013038
3.22	-0.0041637
3.24	-0.0067714
3.26	-0.0089573
3.28	-0.0110598
3.3	-0.01373
3.32	-0.0166254
3.34	-0.0191773
3.36	-0.0212542
3.38	-0.0232956
3.4	-0.0255819
3.42	-0.0280398
3.44	-0.0300298
3.46	-0.0314177
3.48	-0.0325467
3.5	-0.0338884
3.52	-0.0352283
3.54	-0.0359847
3.56	-0.0360985
3.58	-0.0358639
3.6	-0.0356511
3.62	-0.0354782
3.64	-0.0348075
3.66	-0.033495
3.68	-0.0320272
3.7	-0.0305711
3.72	-0.0289503
3.74	-0.0270218
3.76	-0.0246466
3.78	-0.0220768
3.8	-0.0197483
3.82	-0.0174891
3.84	-0.014923
3.86	-0.0121428
3.88	-0.0093098
3.9	-0.0067066
3.92	-0.0043128
3.94	-0.0016871
3.96	0.0011482
3.98	0.0034022
4	0.0051132
4.02	0.0065974
4.04	0.0081954
4.06	0.0098255
4.08	0.0115834
4.1	0.0127414
4.12	0.0136184
4.14	0.0149841
4.16	0.0160574
4.18	0.0157646
4.2	0.0147338
4.22	0.0138517
4.24	0.0134427
4.26	0.0131891
4.28	0.0138196
4.3	0.0149978
4.32	0.0154686
4.34	0.015373
4.36	0.014197
4.38	0.0115553
4.4	0.0080381
4.42	0.0054737
4.44	0.0046787
4.46	0.0039461
4.48	0.0037152
4.5	0.003266
4.52	0.0020693
4.54	0.0035916
4.56	0.005061
4.58	0.001726
4.6	-0.0019019
4.62	-0.0044054
4.64	-0.0064317
4.66	-0.0047298
4.68	-0.0022012
4.7	-0.0033578
4.72	-0.0025962
4.74	0.0044309
4.76	0.014272
4.78	0.0169972
4.8	0.0084559
4.82	-0.002244
4.84	-0.0089962
4.86	-0.0111015
4.88	-0.0058111
4.9	0.0025091
4.92	0.0023723
4.94	-0.0009957
4.96	0.0009129
4.98	0.0085378
5	0.0206944
5.02	0.0298247
5.04	0.0259299
5.06	0.0162725
5.08	0.0091693
5.1	0.0037189
5.12	0.0012779
5.14	0.0054497
5.16	0.0112801
5.18	0.0116488
5.2	0.0111047
5.22	0.0148649
5.24	0.0140749
5.26	0.0132587
5.28	0.0190075
5.3	0.0232152
5.32	0.0254667
5.34	0.0306785
5.36	0.0295995
5.38	0.0235322
5.4	0.0219168
5.42	0.0224768
5.44	0.0201373
5.46	0.017158
5.48	0.0134788
5.5	0.007052
5.52	0.0056564
5.54	0.0161698
5.56	0.0280137
5.58	0.0288842
5.6	0.0229451
5.62	0.0161161
5.64	0.0116101
5.66	0.0061785
5.68	-0.0013088
5.7	-0.0128531
5.72	-0.024522
5.74	-0.0147856
5.76	0.0105914
5.78	0.027632
5.8	0.0259329
5.82	0.0124204
5.84	-0.0020482
5.86	-0.0012576
5.88	0.0189793
5.9	0.037146
5.92	0.0417949
5.94	0.0383596
5.96	0.0372111
5.98	0.0460801
6	0.066681
6.02	0.0700424
6.04	0.0537093
6.06	0.0309741
6.08	0.0063109
6.1	-0.0089834
6.12	-0.0123208
6.14	-0.0191024
6.16	-0.032117
6.18	-0.0375983
6.2	-0.0351517
6.22	-0.0292784
6.24	-0.0284915
6.26	-0.0361686
6.28	-0.0555195
6.3	-0.0708496
6.32	-0.0715438
6.34	-0.0640633
6.36	-0.0573819
6.38	-0.0614482
6.4	-0.0816533
6.42	-0.0954221
6.44	-0.0820608
6.46	-0.0512138
6.48	-0.0171114
6.5	0.0186116
6.52	0.0392493
6.54	0.0434115
6.56	0.0389159
6.58	0.0330619
6.6	0.0220762
6.62	-0.0012864
6.64	-0.0250574
6.66	-0.0391266
6.68	-0.05086
6.7	-0.0618116
6.72	-0.0734611
6.74	-0.0844567
6.76	-0.0869256
6.78	-0.0806974
6.8	-0.0719127
6.82	-0.0702795
6.84	-0.0712185
6.86	-0.0666602
6.88	-0.0658692
6.9	-0.0639263
6.92	-0.0577455
6.94	-0.046114
6.96	-0.027031
6.98	-0.0057832
7	0.0067282
7.02	0.0188094
7.04	0.0369892
7.06	0.060256
7.08	0.0799479
7.1	0.090313
7.12	0.0913161
7.14	0.086769
7.16	0.0741205
7.18	0.0582261
7.2	0.0416209
7.22	0.0219952
7.24	0.0050067
7.26	-0.0019721
7.28	-0.0063131
7.3	-0.0199539
7.32	-0.0436027
7.34	-0.065832
7.36	-0.0732933
7.38	-0.0708163
7.4	-0.0710771
7.42	-0.0713399
7.44	-0.0654319
7.46	-0.0431544
7.48	0.00431
7.5	0.0686143
7.52	0.1086755
7.54	0.1199364
7.56	0.1421582
7.58	0.1728668
7.6	0.1951412
7.62	0.1937671
7.64	0.1516306
7.66	0.0844845
7.68	0.0342011
7.7	0.0094298
7.72	0.0066095
7.74	0.0049763
7.76	-0.0150684
7.78	-0.0363476
7.8	-0.0347124
7.82	-0.0118671
7.84	0.0049279
7.86	-0.0092952
7.88	-0.0650513
7.9	-0.1308249
7.92	-0.1609952
7.94	-0.1291674
7.96	-0.0553702
7.98	0.008841
8	0.0251715
8.02	-0.0169865
8.04	-0.1031998
8.06	-0.1744928
8.08	-0.1795891
8.1	-0.1214114
8.12	-0.0220045
8.14	0.0617847
8.16	0.0556444
8.18	-0.0279414
8.2	-0.121898
8.22	-0.1637507
8.24	-0.0811168
8.26	0.0802206
8.28	0.2072617
8.3	0.2450161
8.32	0.1729507
8.34	0.0615912
8.36	0.0094769
8.38	0.0235575
8.4	0.0981165
8.42	0.1913621
8.44	0.2391272
8.46	0.2389698
8.48	0.213599
8.5	0.165526
8.52	0.1158918
8.54	0.0742382
8.56	0.021474
8.58	-0.0307445
8.6	-0.0795225
8.62	-0.1192631
8.64	-0.1228747
8.66	-0.0842833
8.68	-0.0336849
8.7	-0.0034175
8.72	-0.0102189
8.74	-0.0477459
8.76	-0.0754577
8.78	-0.0427897
8.8	0.0165568
8.82	0.0565102
8.84	0.0712577
8.86	0.0560767
8.88	0.0303218
8.9	0.0140759
8.92	-0.001438
8.94	-0.0339205
8.96	-0.0776093
8.98	-0.1075596
9	-0.111761
9.02	-0.0953118
9.04	-0.0747359
9.06	-0.0827776
9.08	-0.1083166
9.1	-0.1129527
9.12	-0.0933594
9.14	-0.0641379
9.16	-0.0342285
9.18	-0.0184167
9.2	-0.0290704
9.22	-0.049978
9.24	-0.0691856
9.26	-0.097957
9.28	-0.1131528
9.3	-0.0966723
9.32	-0.0672944
9.34	-0.0433922
9.36	-0.0335319
9.38	-0.034804
9.4	-0.030607
9.42	0.0052665
9.44	0.0660704
9.46	0.118414
9.48	0.1413181
9.5	0.1291794
9.52	0.0928576
9.54	0.0499282
9.56	0.0111777
9.58	-0.019431
9.6	-0.0463193
9.62	-0.0712631
9.64	-0.0963815
9.66	-0.1068118
9.68	-0.0965114
9.7	-0.0710431
9.72	-0.0268031
9.74	0.0324941
9.76	0.0806159
9.78	0.1080092
9.8	0.1220102
9.82	0.12767
9.84	0.1293006
9.86	0.1297973
9.88	0.1101719
9.9	0.0623962
9.92	0.0025287
9.94	-0.0509576
9.96	-0.0896152
9.98	-0.1010851
10	-0.0959202
10.02	-0.0993729
10.04	-0.1120765
10.06	-0.1177264
10.08	-0.1133443
10.1	-0.0978451
10.12	-0.0570805
10.14	-0.0101517
10.16	0.0277624
10.18	0.0578477
10.2	0.0784077
10.22	0.0928508
10.24	0.1066052
10.26	0.1151199
10.28	0.1122601
10.3	0.0979497
10.32	0.0828279
10.34	0.0750382
10.36	0.07166
10.38	0.069089
10.4	0.0604523
10.42	0.0460957
10.44	0.0457407
10.46	0.0718694
10.48	0.0956758
10.5	0.0983698
10.52	0.0661967
10.54	0.0111005
10.56	-0.0489884
10.58	-0.091692
10.6	-0.0750492
10.62	-0.0393928
10.64	-0.0100739
10.66	0.0087011
10.68	-0.0035084
10.7	-0.0288619
10.72	-0.0378375
10.74	-0.0217357
10.76	0.0154144
10.78	0.0521892
10.8	0.0542948
10.82	0.0027385
10.84	-0.0613562
10.86	-0.127347
10.88	-0.1762124
10.9	-0.1851799
10.92	-0.1663783
10.94	-0.1311172
10.96	-0.0699882
10.98	-0.001641
11	0.0468535
11.02	0.0526593
11.04	0.0304929
11.06	-0.0016704
11.08	-0.023777
11.1	-0.0344348
11.12	-0.0553232
11.14	-0.0511015
11.16	0.0021826
11.18	0.0848728
11.2	0.1125841
11.22	0.0517699
11.24	-0.0315336
11.26	-0.1011819
11.28	-0.1381622
11.3	-0.133731
11.32	-0.0969268
11.34	0.0012299
11.36	0.1189661
11.38	0.124937
11.4	0.0406693
11.42	-0.0204512
11.44	-0.0651628
11.46	-0.078656
11.48	-0.0660254
11.5	-0.1469898
11.52	-0.1904903
11.54	-0.0403765
11.56	0.2030504
11.58	0.3423934
11.6	0.2300306
11.62	-0.0666265
11.64	-0.2178184
11.66	-0.0930458
11.68	0.0260915
11.7	-0.0317941
11.72	-0.1716601
11.74	-0.2182291
11.76	-0.088325
11.78	0.0929294
11.8	0.1707674
11.82	0.1931008
11.84	0.2164142
11.86	0.2395393
11.88	0.2606455
11.9	0.2499585
11.92	0.1979883
11.94	0.1353983
11.96	0.0566792
11.98	-0.0482979
12	-0.124837
12.02	-0.1290354
12.04	-0.0664752
12.06	0.0126629
12.08	0.0337112
12.1	-0.018791
12.12	-0.0600535
12.14	-0.0479836
12.16	-0.0140983
12.18	-0.011676
12.2	-0.0483092
12.22	-0.0593587
12.24	-0.021278
12.26	0.0570198
12.28	0.12836
12.3	0.1557144
12.32	0.135825
12.34	0.10474
12.36	0.0776275
12.38	0.0507671
12.4	0.0218103
12.42	-0.0027809
12.44	-0.0224759
12.46	-0.0278789
12.48	-0.0210095
12.5	-0.0073648
12.52	-0.0014527
12.54	-0.008374
12.56	-0.0155489
12.58	-0.0064356
12.6	0.0196987
12.62	0.0421434
12.64	0.0413143
12.66	0.020746
12.68	-0.0068003
12.7	-0.0309824
12.72	-0.0448458
12.74	-0.0455316
12.76	-0.0406599
12.78	-0.0371116
12.8	-0.0349345
12.82	-0.0391345
12.84	-0.0579974
12.86	-0.0775881
12.88	-0.0804424
12.9	-0.0715443
12.92	-0.0611215
12.94	-0.0598756
12.96	-0.074541
12.98	-0.0955545
13	-0.1034096
13.02	-0.093192
13.04	-0.0696927
13.06	-0.0447984
13.08	-0.027676
13.1	-0.0194792
13.12	-0.0167695
13.14	-0.0090946
13.16	0.0116618
13.18	0.0494837
13.2	0.0925391
13.22	0.1228666
13.24	0.1344382
13.26	0.1339362
13.28	0.1322726
13.3	0.1326526
13.32	0.1250795
13.34	0.0981186
13.36	0.0465868
13.38	-0.0127221
13.4	-0.056473
13.42	-0.0767264
13.44	-0.0831833
13.46	-0.0851887
13.48	-0.0826776
13.5	-0.0683043
13.52	-0.0329338
13.54	0.0047273
13.56	0.0270714
13.58	0.0316207
13.6	0.0290333
13.62	0.0258883
13.64	0.0161826
13.66	0.0041265
13.68	-0.0090987
13.7	-0.0195397
13.72	-0.019231
13.74	-0.013387
13.76	-0.0111168
13.78	-0.0153657
13.8	-0.0247543
13.82	-0.0352464
13.84	-0.0460643
13.86	-0.0579944
13.88	-0.0702302
13.9	-0.0714054
13.92	-0.0543182
13.94	-0.0229994
13.96	0.014008
13.98	0.0383094
14	0.0438206
14.02	0.0390589
14.04	0.0334194
14.06	0.0350168
14.08	0.0431673
14.1	0.0544935
14.12	0.0619477
14.14	0.0633669
14.16	0.0617481
14.18	0.0558646
14.2	0.0498155
14.22	0.0459419
14.24	0.0365077
14.26	0.0217571
14.28	0.0072415
14.3	-0.0081406
14.32	-0.0264781
14.34	-0.0471544
14.36	-0.0641582
14.38	-0.0697152
14.4	-0.0564963
14.42	-0.0275511
14.44	0.0007856
14.46	0.0132456
14.48	0.0074676
14.5	-0.0015277
14.52	0.0003681
14.54	0.0132913
14.56	0.0271001
14.58	0.0295867
14.6	0.0200875
14.62	0.0125046
14.64	0.0122704
14.66	0.0186037
14.68	0.0242991
14.7	0.0226212
14.72	0.0187321
14.74	0.0164039
14.76	0.0197688
14.78	0.0272854
14.8	0.0337017
14.82	0.0387709
14.84	0.0423687
14.86	0.0450591
14.88	0.0445094
14.9	0.0369145
14.92	0.0202974
14.94	0.0015396
14.96	-0.0150774
14.98	-0.0319487
15	-0.0450268
15.02	-0.0590481
15.04	-0.0734228
15.06	-0.0851415
15.08	-0.0951259
15.1	-0.0996945
15.12	-0.0981193
15.14	-0.0928471
15.16	-0.0847714
15.18	-0.0730052
15.2	-0.0538669
15.22	-0.0306516
15.24	-0.0105748
15.26	0.0062283
15.28	0.0189082
15.3	0.0250422
15.32	0.0231815
15.34	0.0178214
15.36	0.0076876
15.38	-0.010598
15.4	-0.0284032
15.42	-0.0371572
15.44	-0.0465449
15.46	-0.0534155
15.48	-0.058829
15.5	-0.0662586
15.52	-0.0720344
15.54	-0.0739692
15.56	-0.0644466
15.58	-0.0433721
15.6	-0.0154007
15.62	0.0162947
15.64	0.0459604
15.66	0.0678518
15.68	0.0808017
15.7	0.0929909
15.72	0.1053655
15.74	0.1152113
15.76	0.1216527
15.78	0.1183493
15.8	0.1064585
15.82	0.0861735
15.84	0.0531736
15.86	0.0224812
15.88	-0.0010962
15.9	-0.0198387
15.92	-0.0277324
15.94	-0.0328626
15.96	-0.0432849
15.98	-0.0547929
16	-0.0609434
16.02	-0.0584761
16.04	-0.0474731
16.06	-0.0355807
16.08	-0.0291309
16.1	-0.0290809
16.12	-0.0332438
16.14	-0.0353079
16.16	-0.032225
16.18	-0.0281785
16.2	-0.025182
16.22	-0.0243548
16.24	-0.0229855
16.26	-0.020127
16.28	-0.0128955
16.3	0.0008057
16.32	0.0167423
16.34	0.0262313
16.36	0.0276927
16.38	0.0235594
16.4	0.0151719
16.42	0.0087146
16.44	0.0092196
16.46	0.0096853
16.48	0.0069737
16.5	0.0074681
16.52	0.0058367
16.54	-0.0006151
16.56	-0.0060493
16.58	-0.0074192
16.6	-0.0031809
16.62	0.0081162
16.64	0.0261598
16.66	0.041872
16.68	0.0472689
16.7	0.0460953
16.72	0.0463366
16.74	0.0507221
16.76	0.0599808
16.78	0.0699367
16.8	0.0769279
16.82	0.0798513
16.84	0.0801356
16.86	0.0794554
16.88	0.0741284
16.9	0.0615978
16.92	0.0408419
16.94	0.0145457
16.96	-0.0156432
16.98	-0.0466849
17	-0.0733275
17.02	-0.0934429
17.04	-0.1048716
17.06	-0.1074426
17.08	-0.1026755
17.1	-0.0924542
17.12	-0.0808303
17.14	-0.0702218
17.16	-0.0565336
17.18	-0.0363514
17.2	-0.0137266
17.22	0.0060703
17.24	0.0201759
17.26	0.0261906
17.28	0.0264635
17.3	0.0289318
17.32	0.035445
17.34	0.0398246
17.36	0.036429
17.38	0.0239177
17.4	0.0063844
17.42	-0.0083063
17.44	-0.0172046
17.46	-0.0236155
17.48	-0.0277208
17.5	-0.0273615
17.52	-0.0222433
17.54	-0.0134935
17.56	-0.0059795
17.58	-0.0025442
17.6	-0.0000519
17.62	0.005097
17.64	0.0137556
17.66	0.0234053
17.68	0.0288614
17.7	0.0303633
17.72	0.0309441
17.74	0.031146
17.76	0.0303587
17.78	0.0263594
17.8	0.0185224
17.82	0.0116737
17.84	0.0083565
17.86	0.0078723
17.88	0.0065647
17.9	0.0012838
17.92	-0.0042251
17.94	-0.0038737
17.96	0.0035368
17.98	0.0101366
18	0.0069176
18.02	-0.0041908
18.04	-0.0165185
18.06	-0.0259854
18.08	-0.0329758
18.1	-0.0423723
18.12	-0.057331
18.14	-0.0730144
18.16	-0.0810664
18.18	-0.0783592
18.2	-0.0660627
18.22	-0.0479151
18.24	-0.0309122
18.26	-0.0183433
18.28	-0.0095842
18.3	-0.0057592
18.32	-0.0081021
18.34	-0.0153935
18.36	-0.0191907
18.38	-0.0141046
18.4	-0.0030688
18.42	0.0098038
18.44	0.0231886
18.46	0.0357732
18.48	0.0485974
18.5	0.0645334
18.52	0.0809154
18.54	0.0915147
18.56	0.0914289
18.58	0.0826347
18.6	0.0708262
18.62	0.0556629
18.64	0.0385409
18.66	0.0238413
18.68	0.0115515
18.7	0.0025028
18.72	-0.0015168
18.74	-0.0040011
18.76	-0.0099402
18.78	-0.0215007
18.8	-0.0356081
18.82	-0.0466542
18.84	-0.0501614
18.86	-0.0456885
18.88	-0.037677
18.9	-0.0275632
18.92	-0.0143379
18.94	0.0000577
18.96	0.0139365
18.98	0.0254754
19	0.0326912
19.02	0.0370705
19.04	0.0425727
19.06	0.0472682
19.08	0.0465322
19.1	0.0374085
19.12	0.021043
19.14	0.0017196
19.16	-0.0136762
19.18	-0.0233593
19.2	-0.0308161
19.22	-0.0398829
19.24	-0.0498598
19.26	-0.0545949
19.28	-0.0529102
19.3	-0.0481263
19.32	-0.0429417
19.34	-0.0399685
19.36	-0.0388649
19.38	-0.0376319
19.4	-0.0333593
19.42	-0.0253159
19.44	-0.0155352
19.46	-0.0040919
19.48	0.0079284
19.5	0.0179374
19.52	0.0246596
19.54	0.0285422
19.56	0.0303597
19.58	0.031435
19.6	0.0327639
19.62	0.0314
19.64	0.0246273
19.66	0.0172775
19.68	0.012444
19.7	0.0099694
19.72	0.0120277
19.74	0.0162727
19.76	0.0195416
19.78	0.025008
19.8	0.0306992
19.82	0.0295722
19.84	0.0215987
19.86	0.007712
19.88	-0.0058737
19.9	-0.0113536
19.92	-0.0094828
19.94	-0.0073516
19.96	-0.0083526
19.98	-0.0099931
20	-0.0113877
20.02	-0.0087312
20.04	-0.0015296
20.06	0.0053662
20.08	0.0085156
20.1	0.0094889
20.12	0.0098786
20.14	0.0077395
20.16	0.0027061
20.18	-0.0033597
20.2	-0.0092345
20.22	-0.0143019
20.24	-0.0165059
20.26	-0.0149976
20.28	-0.0120526
20.3	-0.0103795
20.32	-0.0108534
20.34	-0.0085147
20.36	-0.0049436
20.38	-0.0016749
20.4	0.0055974
20.42	0.0121621
20.44	0.0129804
20.46	0.0112345
20.48	0.0075787
20.5	0.0000483
20.52	-0.0093446
20.54	-0.0174832
20.56	-0.0246932
20.58	-0.028854
20.6	-0.0270872
20.62	-0.0213506
20.64	-0.0154071
20.66	-0.0113444
20.68	-0.0071601
20.7	-0.0002348
20.72	0.0089457
20.74	0.0179283
20.76	0.0246919
20.78	0.0282458
20.8	0.0293608
20.82	0.0284901
20.84	0.0256562
20.86	0.0219001
20.88	0.0193427
20.9	0.0191603
20.92	0.0216171
20.94	0.024115
20.96	0.0228822
20.98	0.016921
21	0.0084193
21.02	0.0000407
21.04	-0.0074468
21.06	-0.0143461
21.08	-0.0218935
21.1	-0.0308376
21.12	-0.0391992
21.14	-0.0457389
21.16	-0.0504233
21.18	-0.0528145
21.2	-0.0515397
21.22	-0.0453595
21.24	-0.0352338
21.26	-0.0235098
21.28	-0.01057
21.3	0.0031901
21.32	0.0145442
21.34	0.0207101
21.36	0.0222614
21.38	0.0192974
21.4	0.0161422
21.42	0.0164754
21.44	0.0180693
21.46	0.0198029
21.48	0.0214153
21.5	0.0216536
21.52	0.0197126
21.54	0.0132374
21.56	0.0015262
21.58	-0.0131511
21.6	-0.0260885
21.62	-0.0319081
21.64	-0.0300702
21.66	-0.024656
21.68	-0.020151
21.7	-0.0150884
21.72	-0.0060345
21.74	0.0075476
21.76	0.0235733
21.78	0.0374569
21.8	0.0451779
21.82	0.046759
21.84	0.042624
21.86	0.0330543
21.88	0.0201729
21.9	0.0047334
21.92	-0.0107374
21.94	-0.023804
21.96	-0.0337017
21.98	-0.040422
22	-0.0427051
22.02	-0.0380632
22.04	-0.0282115
22.06	-0.0175963
22.08	-0.0082914
22.1	0.0002816
22.12	0.006936
22.14	0.0138193
22.16	0.0233493
22.18	0.0309528
22.2	0.0331614
22.22	0.030211
22.24	0.0223549
22.26	0.0110776
22.28	-0.0010052
22.3	-0.0101808
22.32	-0.0144464
22.34	-0.0140771
22.36	-0.0110745
22.38	-0.0077798
22.4	-0.0036879
22.42	0.0019881
22.44	0.0085827
22.46	0.012722
22.48	0.0111487
22.5	0.0047489
22.52	-0.0034996
22.54	-0.0078636
22.56	-0.0063824
22.58	-0.0044458
22.6	-0.008081
22.62	-0.0148665
22.64	-0.0203002
22.66	-0.0240994
22.68	-0.0243184
22.7	-0.020692
22.72	-0.015802
22.74	-0.0091722
22.76	-0.0006978
22.78	0.0079962
22.8	0.0145257
22.82	0.017912
22.84	0.019724
22.86	0.0219524
22.88	0.0245247
22.9	0.0250198
22.92	0.0222143
22.94	0.0176527
22.96	0.0140523
22.98	0.0117551
23	0.0090145
23.02	0.0048574
23.04	-0.0005623
23.06	-0.0049793
23.08	-0.0064192
23.1	-0.0063901
23.12	-0.0069415
23.14	-0.0083863
23.16	-0.0094763
23.18	-0.0070286
23.2	-0.0003625
23.22	0.0073489
23.24	0.0124438
23.26	0.0135327
23.28	0.0123405
23.3	0.0114087
23.32	0.0113398
23.34	0.0110243
23.36	0.0101035
23.38	0.007255
23.4	0.0027353
23.42	-0.0011069
23.44	-0.0030669
23.46	-0.0046401
23.48	-0.0064891
23.5	-0.0071193
23.52	-0.0074629
23.54	-0.0072688
23.56	-0.0062933
23.58	-0.0053619
23.6	-0.0045512
23.62	-0.0031996
23.64	-0.0007658
23.66	0.0027756
23.68	0.0067295
23.7	0.0081887
23.72	0.0054667
23.74	0.0014558
23.76	-0.0028193
23.78	-0.0079783
23.8	-0.0119135
23.82	-0.0131066
23.84	-0.0132903
23.86	-0.0128044
23.88	-0.0103228
23.9	-0.0062442
23.92	-0.0031698
23.94	-0.0016053
23.96	-0.000612
23.98	0.0006401
24	0.0017915
24.02	0.0036356
24.04	0.006236
24.06	0.0066183
24.08	0.0037249
24.1	-0.0020722
24.12	-0.0092755
24.14	-0.0144146
24.16	-0.015691
24.18	-0.0128806
24.2	-0.0094431
24.22	-0.0083471
24.24	-0.0101692
24.26	-0.0125991
24.28	-0.0119798
24.3	-0.0075414
24.32	-0.0010285
24.34	0.0050062
24.36	0.0085889
24.38	0.008817
24.4	0.0060555
24.42	0.0022422
24.44	-0.0019565
24.46	-0.0058414
24.48	-0.0072222
24.5	-0.0057658
24.52	-0.0032589
24.54	-0.0004023
24.56	0.0015574
24.58	0.0033283
24.6	0.0062153
24.62	0.0088181
24.64	0.0099293
24.66	0.0093572
24.68	0.0070399
24.7	0.0051477
24.72	0.0040607
24.74	0.0034619
24.76	0.0019918
24.78	-0.0019063
24.8	-0.0067366
24.82	-0.0113125
24.84	-0.0142652
24.86	-0.0144479
24.88	-0.0122977
24.9	-0.0087858
24.92	-0.0046941
24.94	-0.0007289
24.96	0.0035967
24.98	0.0080706
25	0.0126186
25.02	0.016446
25.04	0.0169904
25.06	0.0150032
25.08	0.0129593
25.1	0.0118511
25.12	0.0111048
25.14	0.0104333
25.16	0.0083242
25.18	0.0040496
25.2	-0.000132
25.22	-0.0021981
25.24	-0.001592
25.26	-0.0003351
25.28	-0.0004946
25.3	-0.0016625
25.32	-0.0026275
25.34	-0.0028224
25.36	-0.0031838
25.38	-0.0037871
25.4	-0.0051934
25.42	-0.0062116
25.44	-0.0060232
25.46	-0.0057003
25.48	-0.0062913
25.5	-0.0081792
25.52	-0.0105196
25.54	-0.0112291
25.56	-0.0088281
25.58	-0.0037892
25.6	0.0014166
25.62	0.0048132
25.64	0.0064488
25.66	0.0070957
25.68	0.0078535
25.7	0.0080007
25.72	0.0075759
25.74	0.0071724
25.76	0.0069708
25.78	0.0075051
25.8	0.0075426
25.82	0.005582
25.84	0.0029759
25.86	0.0015314
25.88	0.0010226
25.9	0.0011592
25.92	0.0013653
25.94	0.0006618
25.96	-0.0011179
25.98	-0.0023587
26	-0.0023126
26.02	-0.0024812
26.04	-0.0027026
26.06	-0.0018403
26.08	0.0006303
26.1	0.0030862
26.12	0.0036833
26.14	0.0014983
26.16	-0.0028953
26.18	-0.00643
26.2	-0.0067406
26.22	-0.0039569
26.24	-0.0011026
26.26	-0.0000747
26.28	-0.0000765
26.3	-0.0007691
26.32	-0.0015532
26.34	-0.0026944
26.36	-0.0042572
26.38	-0.0054003
26.4	-0.004963
26.42	-0.0030876
26.44	-0.0011458
26.46	-0.0005967
26.48	-0.0013887
26.5	-0.0022226
26.52	-0.0012085
26.54	0.0019967
26.56	0.0062126
26.58	0.0099813
26.6	0.0127199
26.62	0.0145817
26.64	0.0154843
26.66	0.0155115
26.68	0.0143471
26.7	0.0119022
26.72	0.0093354
26.74	0.0068556
26.76	0.0052966
26.78	0.0054369
26.8	0.006366
26.82	0.0069234
26.84	0.0059481
26.86	0.0026678
26.88	-0.0012377
26.9	-0.0045074
26.92	-0.0072287
26.94	-0.0094405
26.96	-0.0115766
26.98	-0.0130978
27	-0.0128033
27.02	-0.0102908
27.04	-0.0065513
27.06	-0.0028708
27.08	-0.00016
27.1	0.0009124
27.12	0.0010563
27.14	0.0003155
27.16	-0.0011516
27.18	-0.0029807
27.2	-0.0043845
27.22	-0.0041042
27.24	-0.0026916
27.26	-0.0015289
27.28	-0.001144
27.3	-0.002438
27.32	-0.0048833
27.34	-0.0066147
27.36	-0.0071241
27.38	-0.0058026
27.4	-0.0021487
27.42	0.0023447
27.44	0.0055052
27.46	0.0070857
27.48	0.0076147
27.5	0.0083887
27.52	0.0105302
27.54	0.0123436
27.56	0.0120842
27.58	0.0094055
27.6	0.0055236
27.62	0.0024399
27.64	0.0008738
27.66	-0.0002909
27.68	-0.0023003
27.7	-0.0050007
27.72	-0.007975
27.74	-0.0102606
27.76	-0.0107944
27.78	-0.0099609
27.8	-0.008845
27.82	-0.0077938
27.84	-0.005963
27.86	-0.0033877
27.88	-0.0001182
27.9	0.0031931
27.92	0.0063254
27.94	0.007484
27.96	0.0058669
27.98	0.0023752
28	-0.0020808
28.02	-0.0059189
28.04	-0.0074863
28.06	-0.0069576
28.08	-0.0052946
28.1	-0.0029559
28.12	-0.0002563
28.14	0.0021629
28.16	0.003334
28.18	0.0023856
28.2	0.0003226
28.22	-0.0014284
28.24	-0.0025824
28.26	-0.0036405
28.28	-0.0047051
28.3	-0.0055599
28.32	-0.005368
28.34	-0.0029147
28.36	0.0010382
28.38	0.004339
28.4	0.0055549
28.42	0.0045825
28.44	0.0021178
28.46	-0.0004087
28.48	-0.0019831
28.5	-0.0034806
28.52	-0.0056193
28.54	-0.0071474
28.56	-0.0071002
28.58	-0.0055939
28.6	-0.0023495
28.62	0.002356
28.64	0.0074217
28.66	0.0120528
28.68	0.0155216
28.7	0.0170409
28.72	0.0165987
28.74	0.01495
28.76	0.0121876
28.78	0.0077877
28.8	0.0019399
28.82	-0.0038004
28.84	-0.0085482
28.86	-0.0114097
28.88	-0.0119758
28.9	-0.0110071
28.92	-0.0095366
28.94	-0.0080751
28.96	-0.0059976
28.98	-0.0035569
29	-0.001728
29.02	-0.0005023
29.04	0.0001469
29.06	0.0003408
29.08	0.0008081
29.1	0.0003827
29.12	-0.0014575
29.14	-0.0033229
29.16	-0.0046837
29.18	-0.0052253
29.2	-0.0047295
29.22	-0.003873
29.24	-0.0021786
29.26	0.0010172
29.28	0.00502
29.3	0.0073732
29.32	0.0069217
29.34	0.0039448
29.36	-0.000371
29.38	-0.0033372
29.4	-0.0030711
29.42	-0.002381
29.44	-0.0035657
29.46	-0.005036
29.48	-0.0057073
29.5	-0.0057852
29.52	-0.0045855
29.54	-0.0035474
29.56	-0.0047051
29.58	-0.0063466
29.6	-0.0066937
29.62	-0.0057528
29.64	-0.004098
29.66	-0.0015882
29.68	0.0014491
29.7	0.0042622
29.72	0.0064571
29.74	0.0076716
29.76	0.0071845
29.78	0.0057361
29.8	0.0043735
29.82	0.0025588
29.84	0.0001719
29.86	-0.002566
29.88	-0.0055292
29.9	-0.0083605
29.92	-0.010696
29.94	-0.012339
29.96	-0.0124775
29.98	-0.0105102
30	-0.0064669
30.02	-0.0011907
30.04	0.0034118
30.06	0.0062187
30.08	0.0080111
30.1	0.0086054
30.12	0.0075379
30.14	0.0054787
30.16	0.0031345
30.18	0.0021335
30.2	0.0035909
30.22	0.0067383
30.24	0.0093083
30.26	0.0083274
30.28	0.0046985
30.3	0.0013523
30.32	-0.0015824
30.34	-0.004045
30.36	-0.0059573
30.38	-0.0070354
30.4	-0.0066971
30.42	-0.0044877
30.44	-0.0013533
30.46	0.000702
30.48	0.0015194
30.5	0.0019955
30.52	0.0032503
30.54	0.0048239
30.56	0.0062378
30.58	0.0071081
30.6	0.0071691
30.62	0.0075304
30.64	0.0085953
30.66	0.0098161
30.68	0.0105017
30.7	0.0101266
30.72	0.0087573
30.74	0.005732
30.76	0.0015216
30.78	-0.002979
30.8	-0.0062817
30.82	-0.0071073
30.84	-0.0061488
30.86	-0.0043558
30.88	-0.0023075
30.9	-0.0012632
30.92	-0.0015035
30.94	-0.0030556
30.96	-0.0060626
30.98	-0.008808
31	-0.0091255
31.02	-0.0069653
31.04	-0.0038239
31.06	-0.0015856
31.08	-0.0010206
31.1	-0.0012937
31.12	-0.0003872
31.14	0.0021894
31.16	0.0048847
31.18	0.0062506
31.2	0.0068877
31.22	0.007043
31.24	0.0068478
31.26	0.0066532
31.28	0.0052073
31.3	0.002569
31.32	0.0010313
31.34	0.0010903
31.36	0.0013682
31.38	0.000806
31.4	-0.0008066
31.42	-0.0029816
31.44	-0.0045644
31.46	-0.0049421
31.48	-0.0043748
31.5	-0.0035794
31.52	-0.0029939
31.54	-0.002004
31.56	-0.0007365
31.58	0.000193
31.6	0.0005667
31.62	0.000375
31.64	0.0000887
31.66	0.0001392
31.68	0.0001691
31.7	0.000065
31.72	-0.0000583
31.74	0.0006288
31.76	0.0019617
31.78	0.0027403
31.8	0.0028548
31.82	0.0021362
31.84	0.0001946
31.86	-0.0023841
31.88	-0.004731
31.9	-0.0059703
31.92	-0.0059044
31.94	-0.0051388
31.96	-0.0036664
31.98	-0.0020866
32	-0.0014039
32.02	-0.0012681
32.04	-0.0014427
32.06	-0.0020739
32.08	-0.0030574
32.1	-0.0033235
32.12	-0.0021969
32.14	-0.0003393
32.16	0.0015214
32.18	0.0028356
32.2	0.0026951
32.22	0.0012784
32.24	-0.0003781
32.26	-0.0013826
32.28	-0.0017558
32.3	-0.0020427
32.32	-0.0025683
32.34	-0.0026881
32.36	-0.0018027
32.38	-0.0006263
32.4	0.001136
32.42	0.0032898
32.44	0.0048442
32.46	0.0055593
32.48	0.0058955
32.5	0.0055455
32.52	0.0046366
32.54	0.003482
32.56	0.0028247
32.58	0.002565
32.6	0.0028736
32.62	0.0042191
32.64	0.0052586
32.66	0.0052006
32.68	0.0047038
32.7	0.0035433
32.72	0.0018956
32.74	0.0012537
32.76	0.0010794
32.78	0.0009315
32.8	0.0010388
32.82	0.0007946
32.84	0.0001335
32.86	-0.0008374
32.88	-0.0016915
32.9	-0.002217
32.92	-0.0024797
32.94	-0.0026844
32.96	-0.0032565
32.98	-0.0033551
33	-0.0029816
33.02	-0.0025305
33.04	-0.0017592
33.06	-0.0009731
33.08	-0.0006385
33.1	-0.0004817
33.12	-0.0002498
33.14	0.0000588
33.16	0.0004245
33.18	0.000148
33.2	-0.0010558
33.22	-0.0030348
33.24	-0.0055192
33.26	-0.0080042
33.28	-0.0098304
33.3	-0.010616
33.32	-0.0102464
33.34	-0.008624
33.36	-0.0063447
33.38	-0.0043159
33.4	-0.0026293
33.42	-0.0013382
33.44	-0.0002155
33.46	0.001376
33.48	0.0035621
33.5	0.005623
33.52	0.007303
33.54	0.0082463
33.56	0.008379
33.58	0.0084931
33.6	0.009261
33.62	0.0098495
33.64	0.0093572
33.66	0.0083077
33.68	0.0074079
33.7	0.0061968
33.72	0.005525
33.74	0.0056133
33.76	0.004942
33.78	0.0036451
33.8	0.0023249
33.82	0.000641
33.84	-0.0017057
33.86	-0.004129
33.88	-0.0059253
33.9	-0.0067423
33.92	-0.006214
33.94	-0.0050923
33.96	-0.0043707
33.98	-0.003991
34	-0.0037469
34.02	-0.0035862
34.04	-0.0036971
34.06	-0.0044067
34.08	-0.0058202
34.1	-0.0065739
34.12	-0.0058183
34.14	-0.0038428
34.16	-0.0017972
34.18	-0.0003468
34.2	0.0009481
34.22	0.0021331
34.24	0.0032541
34.26	0.0035985
34.28	0.0025981
34.3	0.0006162
34.32	-0.0018489
34.34	-0.003482
34.36	-0.0038637
34.38	-0.0035126
34.4	-0.0027715
34.42	-0.0016256
34.44	-0.0001503
34.46	0.0016102
34.48	0.0034983
34.5	0.0051935
34.52	0.0067031
34.54	0.0075728
34.56	0.0073877
34.58	0.0059795
34.6	0.0039341
34.62	0.0020077
34.64	0.000709
34.66	0.0001581
34.68	-0.0002657
34.7	-0.0006131
34.72	-0.0009627
34.74	-0.0006599
34.76	0.0000826
34.78	0.0008908
34.8	0.0014593
34.82	0.0015213
34.84	0.0013073
34.86	0.0009787
34.88	0.0006602
34.9	0.0003904
34.92	0.0001863
34.94	-0.0001237
34.96	-0.0003105
34.98	0.0000532
35	0.0005186
35.02	0.0014387
35.04	0.0025067
35.06	0.002859
35.08	0.0026317
35.1	0.0025215
35.12	0.0018706
35.14	0.0013072
35.16	0.0018297
35.18	0.0025649
35.2	0.0033819
35.22	0.004134
35.24	0.0041666
35.26	0.003431
35.28	0.0021134
35.3	0.000143
35.32	-0.0022169
35.34	-0.0044479
35.36	-0.00675
35.38	-0.0086491
35.4	-0.0095661
35.42	-0.0091012
35.44	-0.0068138
35.46	-0.0034699
35.48	0.0001321
35.5	0.003225
35.52	0.0052909
35.54	0.0056996
35.56	0.0047716
35.58	0.0030573
35.6	0.0009422
35.62	-0.0007835
35.64	-0.0021254
35.66	-0.003308
35.68	-0.0037919
35.7	-0.0041893
35.72	-0.0046948
35.74	-0.0048536
35.76	-0.0047797
35.78	-0.0044365
35.8	-0.0038408
35.82	-0.0032239
35.84	-0.0026957
35.86	-0.0025876
35.88	-0.0028873
35.9	-0.0024053
35.92	-0.0007547
35.94	0.0009399
35.96	0.0016833
35.98	0.0012121
36	-0.000367
36.02	-0.0021622
36.04	-0.0029172
36.06	-0.0030551
36.08	-0.0033785
36.1	-0.0029911
36.12	-0.0015177
36.14	0.0006607
36.16	0.0034943
36.18	0.00588
36.2	0.006599
36.22	0.0058749
36.24	0.0045741
36.26	0.0029966
36.28	0.0014144
36.3	0.0001456
36.32	-0.0007856
36.34	-0.0006902
36.36	0.000292
36.38	0.000795
36.4	0.0001252
36.42	-0.0013037
36.44	-0.0024809
36.46	-0.0025202
36.48	-0.0011438
36.5	0.0005147
36.52	0.0013305
36.54	0.0012417
36.56	0.0006506
36.58	0.0004557
36.6	0.0009194
36.62	0.0014828
36.64	0.0017243
36.66	0.0018223
36.68	0.0018941
36.7	0.0013094
36.72	-0.0000473
36.74	-0.0017174
36.76	-0.0032395
36.78	-0.0039631
36.8	-0.0034966
36.82	-0.0021651
36.84	-0.0009908
36.86	-0.0004381
36.88	-0.0000346
36.9	0.0003638
36.92	0.0006195
36.94	0.0003476
36.96	-0.0005046
36.98	-0.0013054
37	-0.0016125
37.02	-0.0014235
37.04	-0.0005296
37.06	0.0006454
37.08	0.001621
37.1	0.0019803
37.12	0.0017979
37.14	0.0012505
37.16	0.0004919
37.18	-0.0000593
37.2	-0.0001021
37.22	-0.0000693
37.24	-0.0006037
37.26	-0.0014177
37.28	-0.0020654
37.3	-0.0022131
37.32	-0.0018519
37.34	-0.0011543
37.36	-0.0003927
37.38	0.0003104
37.4	0.0013409
37.42	0.0024141
37.44	0.0029091
37.46	0.0024657
37.48	0.0013621
37.5	0.0004819
37.52	0.0001196
37.54	0.0005399
37.56	0.0010412
37.58	0.0010504
37.6	0.0010586
37.62	0.0011631
37.64	0.0007971
37.66	0.0004271
37.68	0.0003742
37.7	0.0003593
37.72	0.0006107
37.74	0.0007943
37.76	0.0004437
37.78	-0.0001162
37.8	-0.0004353
37.82	-0.0006773
37.84	-0.0010284
37.86	-0.0012019
37.88	-0.0009455
37.9	-0.0004332
37.92	0.0005079
37.94	0.001617
37.96	0.0022369
37.98	0.0025793
38	0.0030751
38.02	0.0037571
38.04	0.0043241
38.06	0.0043471
38.08	0.0036909
38.1	0.0027333
38.12	0.0020625
38.14	0.0013311
38.16	-0.000004
38.18	-0.001405
38.2	-0.0022435
38.22	-0.0022633
38.24	-0.0015308
38.26	-0.0008795
38.28	-0.0010651
38.3	-0.0018286
38.32	-0.0020162
38.34	-0.0014073
38.36	-0.000696
38.38	-0.0003626
38.4	-0.0003397
38.42	-0.000506
38.44	-0.0005805
38.46	-0.0004819
38.48	-0.0004441
38.5	-0.0006324
38.52	-0.0007441
38.54	-0.0007188
38.56	-0.0010891
38.58	-0.0020252
38.6	-0.0028082
38.62	-0.0032239
38.64	-0.0031459
38.66	-0.0023819
38.68	-0.001285
38.7	-0.0002519
38.72	0.0006784
38.74	0.0013611
38.76	0.0013369
38.78	0.0006908
38.8	-0.0002083
38.82	-0.0007733
38.84	-0.0004946
38.86	0.0001754
38.88	0.0009365
38.9	0.0017641
38.92	0.0021351
38.94	0.0019091
38.96	0.001136
38.98	-0.0001899
39	-0.0016705
39.02	-0.0028112
39.04	-0.0036379
39.06	-0.0043365
39.08	-0.0049132
39.1	-0.0050031
39.12	-0.004559
39.14	-0.0037831
39.16	-0.0030452
39.18	-0.0022583
39.2	-0.0012935
39.22	-0.0000523
39.24	0.0015695
39.26	0.0028903
39.28	0.0036622
39.3	0.004177
39.32	0.0046698
39.34	0.0050435
39.36	0.0049158
39.38	0.0042998
39.4	0.0037664
39.42	0.0035707
39.44	0.0033771
39.46	0.0024534
39.48	0.0008183
39.5	-0.000731
39.52	-0.0013376
39.54	-0.0010693
39.56	-0.0013037
39.58	-0.0021233
39.6	-0.002425
39.62	-0.0018316
39.64	-0.000165
39.66	0.0005876
39.68	-0.0009735
39.7	-0.0023934
39.72	-0.0018554
39.74	0.0005423
39.76	0.0019158
39.78	0.0022892
39.8	0.0015877
39.82	-0.0011303
39.84	-0.0018326
39.86	0.0012157
39.88	0.0034227
39.9	0.0011514
39.92	-0.0015953
39.94	-0.0014892
39.96	-0.0002088
39.98	0.0023292
40	0.0030766
40.02	0.0015594
40.04	0.0007352
40.06	0.000655
40.08	0.0013111
40.1	0.0014687
40.12	0.0008601
40.14	-0.0000337
40.16	-0.0000462
40.18	0.00082
40.2	0.0009503
40.22	0.0004991
40.24	0.0001223
40.26	0.0002248
40.28	0.0010892
40.3	0.0019411
40.32	0.0010549
40.34	-0.0008964
40.36	-0.0029898
40.38	-0.0039669
40.4	-0.0036177
40.42	-0.0028024
40.44	-0.0023201
40.46	-0.0018929
40.48	-0.0013434
40.5	-0.0006184
40.52	0.0005591
40.54	0.0009425
40.56	0.0006955
40.58	0.0005303
40.6	0.0004869
40.62	0.0009913
40.64	0.0017361
40.66	0.0018166
40.68	0.0011029
40.7	-0.0000632
40.72	-0.0009213
40.74	-0.0010388
40.76	-0.0004758
40.78	-0.000579
40.8	-0.0012948
40.82	-0.002034
40.84	-0.0019093
40.86	-0.000646
40.88	0.0008049
40.9	0.0007732
40.92	-0.0005553
40.94	-0.0012079
40.96	-0.0002788
40.98	0.0011005
41	0.0016982
41.02	0.0012496
41.04	0.0011396
41.06	0.002421
41.08	0.0038516
41.1	0.0041102
41.12	0.002562
41.14	0.0002239
41.16	-0.0014387
41.18	-0.0015502
41.2	-0.0005815
41.22	-0.000004
41.24	-0.0006835
41.26	-0.0014884
41.28	-0.0018015
41.3	-0.0021926
41.32	-0.0037025
41.34	-0.0059352
41.36	-0.0075762
41.38	-0.0075689
41.4	-0.0062085
41.42	-0.0047458
41.44	-0.0036334
41.46	-0.0026309
41.48	-0.0017576
41.5	0.0001492
41.52	0.0029208
41.54	0.0035311
41.56	0.0019368
41.58	0.0018173
41.6	0.0039183
41.62	0.0069088
41.64	0.0091002
41.66	0.008764
41.68	0.0052713
41.7	-0.0005349
41.72	-0.005577
41.74	-0.0082987
41.76	-0.009285
41.78	-0.0094414
41.8	-0.0100207
41.82	-0.0095471
41.84	-0.0061625
41.86	-0.0003187
41.88	0.006213
41.9	0.010988
41.92	0.0123216
41.94	0.0104473
41.96	0.0078783
41.98	0.0061622
42	0.0048028
42.02	0.0036943
42.04	0.0026989
42.06	0.0019849
42.08	0.0014487
42.1	0.0008702
42.12	0.0002673
42.14	-0.0004352
42.16	-0.0002464
42.18	0.0011966
42.2	0.0029223
42.22	0.004016
42.24	0.0036178
42.26	0.0017048
42.28	-0.0019829
42.3	-0.0070481
42.32	-0.0119992
42.34	-0.0146627
42.36	-0.0129299
42.38	-0.0068761
42.4	0.00094
42.42	0.0062988
42.44	0.0078738
42.46	0.0065733
42.48	0.004072
42.5	0.0022906
42.52	0.0003441
42.54	-0.0027781
42.56	-0.0056585
42.58	-0.0066074
42.6	-0.005026
42.62	-0.0015212
42.64	0.0020252
42.66	0.0039568
42.68	0.0048125
42.7	0.0049645
42.72	0.0038128
42.74	0.0020867
42.76	-0.0002055
42.78	-0.0022665
42.8	-0.001998
42.82	-0.0000846
42.84	0.0015268
42.86	0.0010358
42.88	-0.0011838
42.9	-0.0035527
42.92	-0.0046076
42.94	-0.0032379
42.96	-0.0004246
42.98	0.002798
43	0.0056633
43.02	0.0074117
43.04	0.0076475
43.06	0.0058849
43.08	0.002424
43.1	-0.0016396
43.12	-0.0045382
43.14	-0.005316
43.16	-0.0038573
43.18	-0.0007388
43.2	0.0024029
43.22	0.0043855
43.24	0.0043881
43.26	0.0025851
43.28	0.0004297
43.3	-0.0014119
43.32	-0.0028719
43.34	-0.0037005
43.36	-0.004039
43.38	-0.0040855
43.4	-0.0039138
43.42	-0.0029909
43.44	-0.0016869
43.46	-0.0005078
43.48	0.0004311
43.5	0.0006737
43.52	0.0005203
43.54	0.0004808
43.56	0.0002802
43.58	0.0000266
43.6	0.0000255
43.62	-0.0000172
43.64	-0.0003382
43.66	-0.0004894
43.68	-0.0001182
43.7	0.0009864
43.72	0.0022199
43.74	0.0026393
43.76	0.0019234
43.78	0.0005375
43.8	-0.0007454
43.82	-0.001294
43.84	-0.0013301
43.86	-0.0011049
43.88	-0.0007187
43.9	-0.000105
43.92	0.001004
43.94	0.002331
43.96	0.002975
43.98	0.0026527
44	0.0016595
44.02	0.0008928
44.04	0.0006732
44.06	0.0005383
44.08	0.0003111
44.1	0.0000596
44.12	0.0000992
44.14	0.0007408
44.16	0.0017182
44.18	0.0024811
44.2	0.0024525
44.22	0.0016492
44.24	0.0006552
44.26	-0.0002416
44.28	-0.0011734
44.3	-0.0020573
44.32	-0.0027765
44.34	-0.0028197
44.36	-0.0019539
44.38	-0.0007171
44.4	0.0004255
44.42	0.0012259
44.44	0.0016364
44.46	0.0018237
44.48	0.0020809
44.5	0.0019628
44.52	0.0014393
44.54	0.0009593
44.56	0.0008684
44.58	0.000873
44.6	0.0007794
44.62	0.0003431
44.64	-0.0005044
44.66	-0.0012826
44.68	-0.0017399
44.7	-0.002206
44.72	-0.0030844
44.74	-0.0041257
44.76	-0.0046332
44.78	-0.0042276
44.8	-0.0028289
44.82	-0.001174
44.84	-0.0000752
44.86	0.0004702
44.88	0.0011098
44.9	0.0019128
44.92	0.002468
44.94	0.002412
44.96	0.0016186
44.98	0.0004699
45	-0.0005947
45.02	-0.0013432
45.04	-0.0020417
45.06	-0.0029156
45.08	-0.0037042
45.1	-0.0040904
45.12	-0.003842
45.14	-0.0035863
45.16	-0.0036234
45.18	-0.0037102
45.2	-0.0037349
45.22	-0.0035868
45.24	-0.0031614
45.26	-0.0026703
45.28	-0.0021466
45.3	-0.0014462
45.32	-0.0006076
45.34	0.0001391
45.36	0.0006056
45.38	0.0010603
45.4	0.001995
45.42	0.0029965
45.44	0.0034831
45.46	0.0035545
45.48	0.0031112
45.5	0.0024127
45.52	0.0018504
45.54	0.0015308
45.56	0.0012506
45.58	0.000924
45.6	0.0008958
45.62	0.0013629
45.64	0.0016038
45.66	0.0012011
45.68	-0.0000087
45.7	-0.0011904
45.72	-0.0016852
45.74	-0.0014336
45.76	-0.0008701
45.78	-0.0003564
45.8	-0.0002932
45.82	-0.0004006
45.84	-0.0003038
45.86	-0.0002672
45.88	-0.0006978
45.9	-0.001631
45.92	-0.0023472
45.94	-0.0024072
45.96	-0.0019473
45.98	-0.0011869
46	-0.0002049
46.02	0.0007193
46.04	0.001662
46.06	0.0025195
46.08	0.0028976
46.1	0.0027132
46.12	0.0021635
46.14	0.0016569
46.16	0.0014122
46.18	0.0012765
46.2	0.0011981
46.22	0.0009699
46.24	0.0006
46.26	0.0004482
46.28	0.0003538
46.3	0.0002365
46.32	0.0000981
46.34	-0.0000099
46.36	0.0001278
46.38	0.0003818
46.4	0.0006397
46.42	0.0007598
46.44	0.0008248
46.46	0.0008666
46.48	0.0009621
46.5	0.0010216
46.52	0.0008611
46.54	0.0006032
46.56	0.0003629
46.58	0.0002404
46.6	0.0002446
46.62	0.0003224
46.64	0.0002595
46.66	0.0000417
46.68	-0.0002889
46.7	-0.0006985
46.72	-0.001016
46.74	-0.0011303
46.76	-0.0010357
46.78	-0.0007362
46.8	-0.0002938
46.82	0.0001721
46.84	0.0004869
46.86	0.0006438
46.88	0.0007991
46.9	0.0008993
46.92	0.0009526
46.94	0.0010465
46.96	0.0010706
46.98	0.0009863
47	0.0008631
47.02	0.0007129
47.04	0.0005198
47.06	0.0002882
47.08	0.0001175
47.1	0.0000363
47.12	0.0000064
47.14	0.0000361
47.16	0.0000411
47.18	-0.0000236
47.2	-0.0000734
47.22	-0.0000861
47.24	-0.0000868
47.26	-0.0000812
47.28	-0.0001423
47.3	-0.0002599
47.32	-0.0003641
47.34	-0.0004537
47.36	-0.0005162
47.38	-0.0005302
47.4	-0.0004773
47.42	-0.0003228
47.44	-0.0001056
47.46	0.0000576
47.48	0.000144
47.5	0.0001617
47.52	0.0001556
47.54	0.000155
47.56	0.0001451
47.58	0.0000853
47.6	0.0000066
47.62	-0.0000318
47.64	-0.0000054
47.66	0.0000622
47.68	0.0001077
47.7	0.000101
47.72	0.0000793
47.74	0.0000768
47.76	0.0000847
47.78	0.0000784
47.8	0.0000581
47.82	0.0000503
47.84	0.0000777
47.86	0.0001214
47.88	0.0001397
47.9	0.000125
47.92	0.0001124
47.94	0.0001297
